query_index,name,identity,camera,scene,valid,relevant_gallery,kept_gallery,AP,INP,first_match,last_match,Rank-1,Rank-5,Rank-10,Rank-20
0,0002_s002_v0_000.jpg,2,0,2,True,2,1053,0.5555555555555556,0.1111111111111111,1,18,1,1,1,1
1,0002_s002_v3_001.jpg,2,3,2,True,2,1053,0.41666666666666663,0.3333333333333333,2,6,0,1,1,1
2,0002_s013_v1_002.jpg,2,1,13,True,2,1053,0.6111111111111112,0.2222222222222222,1,9,1,1,1,1
3,0002_s013_v4_003.jpg,2,4,13,True,2,1053,0.5,0.5,2,4,0,1,1,1
4,0004_s002_v3_000.jpg,4,3,2,True,11,1054,0.5585851627781347,0.07333333333333333,1,150,1,1,1,1
5,0004_s007_v1_010.jpg,4,1,7,True,10,1053,0.5269302040522027,0.14925373134328357,1,67,1,1,1,1
6,0004_s007_v6_011.jpg,4,6,7,True,10,1053,0.46958209263854434,0.10416666666666667,1,96,1,1,1,1
7,0004_s021_v1_001.jpg,4,1,21,True,10,1053,0.9484848484848485,0.6666666666666666,1,15,1,1,1,1
8,0004_s021_v7_002.jpg,4,7,21,True,10,1053,0.7290282131661442,0.3448275862068966,1,29,1,1,1,1
9,0004_s022_v3_003.jpg,4,3,22,True,10,1053,0.4708829161035043,0.30303030303030304,2,33,0,1,1,1
10,0004_s022_v4_004.jpg,4,4,22,True,10,1053,0.3190162883672237,0.14084507042253522,2,71,0,1,1,1
11,0004_s026_v0_005.jpg,4,0,26,True,7,1050,0.4632629192027688,0.2,1,35,1,1,1,1
12,0004_s026_v1_006.jpg,4,1,26,True,7,1050,0.5184833548804137,0.21875,1,32,1,1,1,1
13,0004_s026_v2_007.jpg,4,2,26,True,7,1050,0.31588979495956243,0.07777777777777778,1,90,1,1,1,1
14,0004_s026_v6_008.jpg,4,6,26,True,7,1050,0.551870337705338,0.06422018348623854,1,109,1,1,1,1
15,0004_s026_v7_009.jpg,4,7,26,True,7,1050,0.6405261405261404,0.08974358974358974,1,78,1,1,1,1
16,0006_s002_v1_000.jpg,6,1,2,True,14,1053,0.14606116385685247,0.09722222222222222,3,144,0,1,1,1
17,0006_s002_v7_001.jpg,6,7,2,True,14,1053,0.2742331947969571,0.05785123966942149,1,242,1,1,1,1
18,0006_s007_v0_012.jpg,6,0,7,True,12,1051,0.23902240154674756,0.06486486486486487,2,185,0,1,1,1
19,0006_s007_v4_013.jpg,6,4,7,True,12,1051,0.2714705040100525,0.05555555555555555,2,216,0,1,1,1
20,0006_s007_v5_014.jpg,6,5,7,True,12,1051,0.3052661870446728,0.04363636363636364,1,275,1,1,1,1
21,0006_s007_v6_015.jpg,6,6,7,True,12,1051,0.38955697834131114,0.05,1,240,1,1,1,1
22,0006_s027_v1_002.jpg,6,1,27,True,10,1049,0.2843700379100517,0.029154518950437316,1,343,1,1,1,1
23,0006_s027_v2_003.jpg,6,2,27,True,10,1049,0.3507984567458077,0.028901734104046242,1,346,1,1,1,1
24,0006_s027_v3_004.jpg,6,3,27,True,10,1049,0.31733059603563196,0.03597122302158273,1,278,1,1,1,1
25,0006_s027_v4_005.jpg,6,4,27,True,10,1049,0.5305586937001459,0.03597122302158273,1,278,1,1,1,1
26,0006_s027_v5_006.jpg,6,5,27,True,10,1049,0.3941602959261508,0.03289473684210526,1,304,1,1,1,1
27,0006_s027_v7_007.jpg,6,7,27,True,10,1049,0.1496918872346778,0.0392156862745098,4,255,0,1,1,1
28,0006_s028_v2_008.jpg,6,2,28,True,12,1051,0.40012656570410515,0.061224489795918366,1,196,1,1,1,1
29,0006_s028_v3_009.jpg,6,3,28,True,12,1051,0.45652118067384734,0.04918032786885246,1,244,1,1,1,1
30,0006_s028_v4_010.jpg,6,4,28,True,12,1051,0.47561332849502286,0.0547945205479452,1,219,1,1,1,1
31,0006_s028_v5_011.jpg,6,5,28,True,12,1051,0.21803651081948514,0.03625377643504532,2,331,0,1,1,1
32,0008_s002_v0_000.jpg,8,0,2,True,12,1052,0.051369108495552006,0.046511627906976744,46,258,0,0,0,0
33,0008_s002_v3_001.jpg,8,3,2,True,12,1052,0.06838694679837495,0.020100502512562814,2,597,0,1,1,1
34,0008_s002_v5_002.jpg,8,5,2,True,12,1052,0.09168036029415129,0.03625377643504532,5,331,0,1,1,1
35,0008_s005_v3_013.jpg,8,3,5,True,13,1053,0.20126014668008738,0.029545454545454545,1,440,1,1,1,1
36,0008_s005_v5_014.jpg,8,5,5,True,13,1053,0.14684281637394642,0.050387596899224806,3,258,0,1,1,1
37,0008_s018_v4_003.jpg,8,4,18,True,13,1053,0.10201464274207808,0.02663934426229508,5,488,0,1,1,1
38,0008_s018_v5_004.jpg,8,5,18,True,13,1053,0.09543257712921814,0.03209876543209877,6,405,0,0,1,1
39,0008_s025_v0_005.jpg,8,0,25,True,7,1047,0.08179070789029062,0.036458333333333336,9,192,0,0,1,1
40,0008_s025_v1_006.jpg,8,1,25,True,7,1047,0.035160065240757446,0.022653721682847898,25,309,0,0,0,0
41,0008_s025_v2_007.jpg,8,2,25,True,7,1047,0.018009542778835368,0.013358778625954198,19,524,0,0,0,1
42,0008_s025_v3_008.jpg,8,3,25,True,7,1047,0.04800880973956722,0.029787234042553193,17,235,0,0,0,1
43,0008_s025_v4_009.jpg,8,4,25,True,7,1047,0.03681857597308131,0.026119402985074626,14,268,0,0,0,1
44,0008_s025_v5_010.jpg,8,5,25,True,7,1047,0.1084167260185325,0.024305555555555556,5,288,0,1,1,1
45,0008_s025_v6_011.jpg,8,6,25,True,7,1047,0.12560303779785642,0.03932584269662921,2,178,0,1,1,1
46,0008_s025_v7_012.jpg,8,7,25,True,7,1047,0.10928668455463196,0.020289855072463767,3,345,0,1,1,1
47,0010_s002_v1_000.jpg,10,1,2,True,3,1052,0.2833333333333334,0.2,4,15,0,1,1,1
48,0010_s002_v4_001.jpg,10,4,2,True,3,1052,0.03239962651727358,0.03529411764705882,30,85,0,0,0,0
49,0010_s002_v7_002.jpg,10,7,2,True,3,1052,0.09995894909688013,0.10344827586206896,14,29,0,0,0,1
50,0010_s011_v4_003.jpg,10,4,11,True,3,1052,0.03750509995920032,0.03488372093023256,19,86,0,0,0,1
51,0010_s011_v6_004.jpg,10,6,11,True,3,1052,0.012599255436959543,0.010638297872340425,56,282,0,0,0,0
52,0010_s011_v7_005.jpg,10,7,11,True,3,1052,0.053357191547375594,0.018404907975460124,8,163,0,0,1,1
53,0012_s002_v4_000.jpg,12,4,2,True,2,1053,0.008976624628484215,0.009478672985781991,118,211,0,0,0,0
54,0012_s002_v7_001.jpg,12,7,2,True,2,1053,0.028846153846153848,0.02197802197802198,28,91,0,0,0,0
55,0012_s003_v0_002.jpg,12,0,3,True,2,1053,0.08333333333333334,0.06666666666666667,10,30,0,0,1,1
56,0012_s003_v1_003.jpg,12,1,3,True,2,1053,0.02681010928961749,0.03278688524590164,48,61,0,0,0,0
57,0014_s002_v1_000.jpg,14,1,2,True,6,1053,0.07527445507708665,0.05263157894736842,9,114,0,0,1,1
58,0014_s002_v3_001.jpg,14,3,2,True,6,1053,0.11879461865516631,0.03529411764705882,2,170,0,1,1,1
59,0014_s005_v3_007.jpg,14,3,5,True,7,1054,0.06300745646116669,0.02766798418972332,9,253,0,0,1,1
60,0014_s020_v0_002.jpg,14,0,20,True,3,1050,0.0515867707172055,0.06,23,50,0,0,0,0
61,0014_s020_v1_003.jpg,14,1,20,True,3,1050,0.047180597180597174,0.05454545454545454,28,55,0,0,0,0
62,0014_s020_v2_004.jpg,14,2,20,True,3,1050,0.049936754110982785,0.05172413793103448,19,58,0,0,0,1
63,0014_s020_v3_005.jpg,14,3,20,True,3,1050,0.04621570574605214,0.05660377358490566,34,53,0,0,0,0
64,0014_s020_v4_006.jpg,14,4,20,True,3,1050,0.029368192738575216,0.03260869565217391,49,92,0,0,0,0
65,0016_s002_v0_000.jpg,16,0,2,True,5,1052,0.013613823270218942,0.017543859649122806,104,285,0,0,0,0
66,0016_s002_v3_001.jpg,16,3,2,True,5,1052,0.49294117647058827,0.09803921568627451,1,51,1,1,1,1
67,0016_s002_v5_002.jpg,16,5,2,True,5,1052,0.03248701262033177,0.02109704641350211,17,237,0,0,0,1
68,0016_s003_v0_003.jpg,16,0,3,True,6,1053,0.014825574705221637,0.014634146341463415,62,410,0,0,0,0
69,0016_s003_v3_004.jpg,16,3,3,True,6,1053,0.4996031746031746,0.05,1,120,1,1,1,1
70,0016_s004_v1_005.jpg,16,1,4,True,5,1052,0.2413928338745383,0.0364963503649635,1,137,1,1,1,1
71,0016_s004_v3_006.jpg,16,3,4,True,5,1052,0.24568203293311325,0.058823529411764705,1,85,1,1,1,1
72,0016_s004_v5_007.jpg,16,5,4,True,5,1052,0.2978015607580825,0.1282051282051282,1,39,1,1,1,1
73,0020_s003_v4_000.jpg,20,4,3,True,28,1052,0.7329592815954137,0.358974358974359,1,78,1,1,1,1
74,0020_s003_v5_001.jpg,20,5,3,True,28,1052,0.7707316787953664,0.345679012345679,1,81,1,1,1,1
75,0020_s003_v7_002.jpg,20,7,3,True,28,1052,0.7910056907475668,0.35443037974683544,1,79,1,1,1,1
76,0020_s025_v0_003.jpg,20,0,25,True,26,1050,0.6772315217694357,0.26804123711340205,1,97,1,1,1,1
77,0020_s025_v3_004.jpg,20,3,25,True,26,1050,0.7743814280393443,0.3333333333333333,1,78,1,1,1,1
78,0020_s025_v4_005.jpg,20,4,25,True,26,1050,0.6443097916898132,0.24528301886792453,1,106,1,1,1,1
79,0020_s025_v5_006.jpg,20,5,25,True,26,1050,0.7410871733033582,0.37681159420289856,1,69,1,1,1,1
80,0020_s025_v6_007.jpg,20,6,25,True,26,1050,0.7610715967791795,0.36619718309859156,1,71,1,1,1,1
81,0020_s026_v0_008.jpg,20,0,26,True,24,1048,0.6039762538081738,0.3116883116883117,1,77,1,1,1,1
82,0020_s026_v1_009.jpg,20,1,26,True,24,1048,0.6055538646427935,0.24742268041237114,1,97,1,1,1,1
83,0020_s026_v2_010.jpg,20,2,26,True,24,1048,0.6373889581571398,0.3,1,80,1,1,1,1
84,0020_s026_v3_011.jpg,20,3,26,True,24,1048,0.6266011831323092,0.36923076923076925,1,65,1,1,1,1
85,0020_s026_v4_012.jpg,20,4,26,True,24,1048,0.5631895022664839,0.3116883116883117,1,77,1,1,1,1
86,0020_s026_v5_013.jpg,20,5,26,True,24,1048,0.6946194157971542,0.42857142857142855,1,56,1,1,1,1
87,0020_s026_v7_014.jpg,20,7,26,True,24,1048,0.5063141212179915,0.23300970873786409,1,103,1,1,1,1
88,0020_s027_v0_015.jpg,20,0,27,True,24,1048,0.6234802465935119,0.3157894736842105,1,76,1,1,1,1
89,0020_s027_v1_016.jpg,20,1,27,True,24,1048,0.4822644667938869,0.22857142857142856,1,105,1,1,1,1
90,0020_s027_v3_017.jpg,20,3,27,True,24,1048,0.8257457374379967,0.46153846153846156,1,52,1,1,1,1
91,0020_s027_v4_018.jpg,20,4,27,True,24,1048,0.5987512674922996,0.34782608695652173,1,69,1,1,1,1
92,0020_s027_v5_019.jpg,20,5,27,True,24,1048,0.8149791859854555,0.38095238095238093,1,63,1,1,1,1
93,0020_s027_v6_020.jpg,20,6,27,True,24,1048,0.7515802327822788,0.36923076923076925,1,65,1,1,1,1
94,0020_s027_v7_021.jpg,20,7,27,True,24,1048,0.6730924118963214,0.34782608695652173,1,69,1,1,1,1
95,0020_s028_v0_022.jpg,20,0,28,True,27,1051,0.6382039108528498,0.2288135593220339,1,118,1,1,1,1
96,0020_s028_v1_023.jpg,20,1,28,True,27,1051,0.6920312358865258,0.30337078651685395,1,89,1,1,1,1
97,0020_s028_v3_024.jpg,20,3,28,True,27,1051,0.6743423454398632,0.313953488372093,1,86,1,1,1,1
98,0020_s028_v5_025.jpg,20,5,28,True,27,1051,0.7236909966273507,0.313953488372093,1,86,1,1,1,1
99,0020_s030_v1_026.jpg,20,1,30,True,26,1050,0.47918566144611224,0.1368421052631579,1,190,1,1,1,1
100,0020_s030_v4_027.jpg,20,4,30,True,26,1050,0.43634160957878027,0.18840579710144928,2,138,0,1,1,1
101,0020_s030_v5_028.jpg,20,5,30,True,26,1050,0.6318564332352964,0.26,1,100,1,1,1,1
102,0020_s030_v6_029.jpg,20,6,30,True,26,1050,0.6776038206283653,0.325,1,80,1,1,1,1
103,0020_s030_v7_030.jpg,20,7,30,True,26,1050,0.6178057513573797,0.23423423423423423,1,111,1,1,1,1
104,0022_s003_v3_007.jpg,22,3,3,True,7,1053,0.10977599239031509,0.022950819672131147,11,305,0,0,0,1
105,0022_s003_v5_008.jpg,22,5,3,True,7,1053,0.0635186122931221,0.01728395061728395,22,405,0,0,0,0
106,0022_s012_v4_000.jpg,22,4,12,True,7,1053,0.17389430436113665,0.03125,4,224,0,1,1,1
107,0022_s012_v7_001.jpg,22,7,12,True,7,1053,0.27700562983814214,0.23333333333333334,3,30,0,1,1,1
108,0022_s019_v0_002.jpg,22,0,19,True,4,1050,0.16600788430727714,0.029850746268656716,4,134,0,1,1,1
109,0022_s019_v3_003.jpg,22,3,19,True,4,1050,0.038079077784960134,0.03361344537815126,30,119,0,0,0,0
110,0022_s019_v4_004.jpg,22,4,19,True,4,1050,0.4761705685618729,0.17391304347826086,1,23,1,1,1,1
111,0022_s019_v5_005.jpg,22,5,19,True,4,1050,0.169281045751634,0.0784313725490196,5,51,0,1,1,1
112,0022_s019_v7_006.jpg,22,7,19,True,4,1050,0.1471995987745178,0.016877637130801686,2,237,0,1,1,1
113,0024_s000_v0_026.jpg,24,0,0,True,26,1047,0.11679670000466294,0.05790645879732739,27,449,0,0,0,0
114,0024_s000_v1_030.jpg,24,1,0,True,26,1047,0.3152760902258664,0.059496567505720827,3,437,0,1,1,1
115,0024_s000_v2_028.jpg,24,2,0,True,26,1047,0.33660900113853004,0.13402061855670103,1,194,1,1,1,1
116,0024_s000_v3_031.jpg,24,3,0,True,26,1047,0.14570025172697182,0.04642857142857143,11,560,0,0,0,1
117,0024_s000_v4_027.jpg,24,4,0,True,26,1047,0.13978121554744652,0.06310679611650485,1,412,1,1,1,1
118,0024_s000_v5_032.jpg,24,5,0,True,26,1047,0.097654768624135,0.04043545878693624,10,643,0,0,1,1
119,0024_s000_v6_029.jpg,24,6,0,True,26,1047,0.09671071900243909,0.05689277899343545,17,457,0,0,0,1
120,0024_s000_v7_033.jpg,24,7,0,True,26,1047,0.12864950674138126,0.07222222222222222,14,360,0,0,0,1
121,0024_s003_v0_004.jpg,24,0,3,True,31,1052,0.2968998031196445,0.1,1,310,1,1,1,1
122,0024_s003_v5_005.jpg,24,5,3,True,31,1052,0.3353718654689905,0.09748427672955975,2,318,0,1,1,1
123,0024_s003_v6_006.jpg,24,6,3,True,31,1052,0.26252609334095095,0.10130718954248366,3,306,0,1,1,1
124,0024_s012_v0_000.jpg,24,0,12,True,30,1051,0.1582562281692352,0.06535947712418301,1,459,1,1,1,1
125,0024_s012_v3_001.jpg,24,3,12,True,30,1051,0.15348505566007464,0.07281553398058252,14,412,0,0,0,1
126,0024_s012_v5_002.jpg,24,5,12,True,30,1051,0.19846111327234028,0.07614213197969544,8,394,0,0,1,1
127,0024_s012_v7_003.jpg,24,7,12,True,30,1051,0.32261631695854387,0.09345794392523364,1,321,1,1,1,1
128,0024_s025_v0_007.jpg,24,0,25,True,27,1048,0.20557076345886957,0.108,8,250,0,0,1,1
129,0024_s025_v1_008.jpg,24,1,25,True,27,1048,0.1838018940363659,0.06852791878172589,8,394,0,0,1,1
130,0024_s025_v2_009.jpg,24,2,25,True,27,1048,0.22267899792152404,0.1148936170212766,2,235,0,1,1,1
131,0024_s025_v3_010.jpg,24,3,25,True,27,1048,0.2324235209320085,0.1210762331838565,4,223,0,1,1,1
132,0024_s025_v4_011.jpg,24,4,25,True,27,1048,0.13936170847990115,0.0533596837944664,4,506,0,1,1,1
133,0024_s025_v5_012.jpg,24,5,25,True,27,1048,0.09757262491632465,0.056133056133056136,4,481,0,1,1,1
134,0024_s025_v7_013.jpg,24,7,25,True,27,1048,0.19892779807195163,0.08307692307692308,1,325,1,1,1,1
135,0024_s028_v0_014.jpg,24,0,28,True,26,1047,0.08757606653308145,0.03806734992679356,5,683,0,1,1,1
136,0024_s028_v1_015.jpg,24,1,28,True,26,1047,0.29767436025877897,0.1087866108786611,1,239,1,1,1,1
137,0024_s028_v2_016.jpg,24,2,28,True,26,1047,0.2266525908218314,0.1,1,260,1,1,1,1
138,0024_s028_v3_017.jpg,24,3,28,True,26,1047,0.3739854615246708,0.09774436090225563,1,266,1,1,1,1
139,0024_s028_v4_018.jpg,24,4,28,True,26,1047,0.18330846646715984,0.05241935483870968,1,496,1,1,1,1
140,0024_s028_v5_019.jpg,24,5,28,True,26,1047,0.2613884605230362,0.06132075471698113,1,424,1,1,1,1
141,0024_s028_v6_020.jpg,24,6,28,True,26,1047,0.2217615230775318,0.09701492537313433,2,268,0,1,1,1
142,0024_s028_v7_021.jpg,24,7,28,True,26,1047,0.31764766381273307,0.16560509554140126,2,157,0,1,1,1
143,0024_s029_v1_022.jpg,24,1,29,True,30,1051,0.3215375422124713,0.09868421052631579,2,304,0,1,1,1
144,0024_s029_v2_023.jpg,24,2,29,True,30,1051,0.2475691365309973,0.0683371298405467,1,439,1,1,1,1
145,0024_s029_v3_024.jpg,24,3,29,True,30,1051,0.2075663491260357,0.06593406593406594,3,455,0,1,1,1
146,0024_s029_v7_025.jpg,24,7,29,True,30,1051,0.24720894974151966,0.12345679012345678,2,243,0,1,1,1
147,0026_s002_v2_000.jpg,26,2,2,True,22,1053,0.20362070793859993,0.09777777777777778,5,225,0,1,1,1
148,0026_s002_v4_001.jpg,26,4,2,True,22,1053,0.08573342449011254,0.04899777282850779,22,449,0,0,0,0
149,0026_s003_v1_007.jpg,26,1,3,True,21,1052,0.21793873850320514,0.0481651376146789,1,436,1,1,1,1
150,0026_s003_v3_008.jpg,26,3,3,True,21,1052,0.28726667459406896,0.08139534883720931,1,258,1,1,1,1
151,0026_s003_v5_009.jpg,26,5,3,True,21,1052,0.16879743779310538,0.05965909090909091,2,352,0,1,1,1
152,0026_s005_v1_022.jpg,26,1,5,True,22,1053,0.2645924501662284,0.06162464985994398,1,357,1,1,1,1
153,0026_s005_v3_023.jpg,26,3,5,True,22,1053,0.3597896739419085,0.11282051282051282,2,195,0,1,1,1
154,0026_s014_v1_002.jpg,26,1,14,True,22,1053,0.3478871678927271,0.07357859531772576,1,299,1,1,1,1
155,0026_s014_v4_003.jpg,26,4,14,True,22,1053,0.13556736077261466,0.06303724928366762,5,349,0,1,1,1
156,0026_s020_v4_004.jpg,26,4,20,True,21,1052,0.2030725530067411,0.09012875536480687,5,233,0,1,1,1
157,0026_s020_v5_005.jpg,26,5,20,True,21,1052,0.2365394099585536,0.05303030303030303,6,396,0,0,1,1
158,0026_s020_v7_006.jpg,26,7,20,True,21,1052,0.3056318910718359,0.059154929577464786,2,355,0,1,1,1
159,0026_s025_v0_010.jpg,26,0,25,True,18,1049,0.3272979813427724,0.0989010989010989,1,182,1,1,1,1
160,0026_s025_v1_011.jpg,26,1,25,True,18,1049,0.4298544431602807,0.09137055837563451,1,197,1,1,1,1
161,0026_s025_v4_012.jpg,26,4,25,True,18,1049,0.3022548260184047,0.07725321888412018,1,233,1,1,1,1
162,0026_s025_v5_013.jpg,26,5,25,True,18,1049,0.4610405396939981,0.05572755417956656,1,323,1,1,1,1
163,0026_s025_v6_014.jpg,26,6,25,True,18,1049,0.41694392587234647,0.04825737265415549,1,373,1,1,1,1
164,0026_s025_v7_015.jpg,26,7,25,True,18,1049,0.41558862596199986,0.07725321888412018,1,233,1,1,1,1
165,0026_s027_v1_016.jpg,26,1,27,True,18,1049,0.4225976433639948,0.06206896551724138,1,290,1,1,1,1
166,0026_s027_v3_017.jpg,26,3,27,True,18,1049,0.3064432305784353,0.05389221556886228,1,334,1,1,1,1
167,0026_s027_v4_018.jpg,26,4,27,True,18,1049,0.19519245382259742,0.08035714285714286,1,224,1,1,1,1
168,0026_s027_v5_019.jpg,26,5,27,True,18,1049,0.17425006233704007,0.052478134110787174,3,343,0,1,1,1
169,0026_s027_v6_020.jpg,26,6,27,True,18,1049,0.3690508452798037,0.0627177700348432,1,287,1,1,1,1
170,0026_s027_v7_021.jpg,26,7,27,True,18,1049,0.3997299605149325,0.07792207792207792,1,231,1,1,1,1
171,0030_s004_v5_002.jpg,30,5,4,True,4,1053,0.3833699902248289,0.010752688172043012,1,372,1,1,1,1
172,0030_s004_v7_003.jpg,30,7,4,True,4,1053,0.34584311096211867,0.025477707006369428,1,157,1,1,1,1
173,0030_s005_v5_004.jpg,30,5,5,True,4,1053,0.4469859498569746,0.014134275618374558,1,283,1,1,1,1
174,0030_s005_v7_005.jpg,30,7,5,True,4,1053,0.509009009009009,0.036036036036036036,1,111,1,1,1,1
175,0030_s018_v0_000.jpg,30,0,18,True,4,1053,0.019984715487764267,0.017316017316017316,41,231,0,0,0,0
176,0030_s018_v3_001.jpg,30,3,18,True,4,1053,0.21492094861660077,0.08695652173913043,4,46,0,1,1,1
177,0034_s004_v1_006.jpg,34,1,4,True,11,1053,0.4345383629009109,0.05913978494623656,1,186,1,1,1,1
178,0034_s004_v3_007.jpg,34,3,4,True,11,1053,0.4282297337609069,0.1375,1,80,1,1,1,1
179,0034_s005_v1_008.jpg,34,1,5,True,10,1052,0.3059314305934024,0.09615384615384616,2,104,0,1,1,1
180,0034_s005_v3_009.jpg,34,3,5,True,10,1052,0.30749861855412136,0.16129032258064516,1,62,1,1,1,1
181,0034_s005_v7_010.jpg,34,7,5,True,10,1052,0.17635171476662453,0.10869565217391304,3,92,0,1,1,1
182,0034_s009_v1_011.jpg,34,1,9,True,11,1053,0.45869790534587124,0.11224489795918367,1,98,1,1,1,1
183,0034_s009_v3_012.jpg,34,3,9,True,11,1053,0.28674647236188744,0.06111111111111111,1,180,1,1,1,1
184,0034_s014_v1_000.jpg,34,1,14,True,10,1052,0.22980031460111966,0.060240963855421686,2,166,0,1,1,1
185,0034_s014_v3_001.jpg,34,3,14,True,10,1052,0.41368191429167034,0.08333333333333333,1,120,1,1,1,1
186,0034_s014_v4_002.jpg,34,4,14,True,10,1052,0.23059344555535102,0.028089887640449437,1,356,1,1,1,1
187,0034_s018_v1_003.jpg,34,1,18,True,10,1052,0.14437073022798694,0.035842293906810034,5,279,0,1,1,1
188,0034_s018_v3_004.jpg,34,3,18,True,10,1052,0.1923126401665904,0.02557544757033248,1,391,1,1,1,1
189,0034_s018_v5_005.jpg,34,5,18,True,10,1052,0.11053043476088616,0.03861003861003861,7,259,0,0,1,1
190,0036_s000_v0_011.jpg,36,0,0,True,11,1048,0.024624858793259916,0.027160493827160494,74,405,0,0,0,0
191,0036_s000_v1_015.jpg,36,1,0,True,11,1048,0.026241503322404002,0.02558139534883721,77,430,0,0,0,0
192,0036_s000_v2_013.jpg,36,2,0,True,11,1048,0.016205087206836995,0.02127659574468085,241,517,0,0,0,0
193,0036_s000_v3_016.jpg,36,3,0,True,11,1048,0.016820603105030644,0.01661631419939577,105,662,0,0,0,0
194,0036_s000_v4_012.jpg,36,4,0,True,11,1048,0.00794427935386974,0.012835472578763127,469,857,0,0,0,0
195,0036_s000_v5_017.jpg,36,5,0,True,11,1048,0.01807992987413243,0.02033271719038817,142,541,0,0,0,0
196,0036_s000_v6_014.jpg,36,6,0,True,11,1048,0.02781592578949429,0.038461538461538464,70,286,0,0,0,0
197,0036_s004_v1_003.jpg,36,1,4,True,16,1053,0.29882858866360695,0.02002503128911139,1,799,1,1,1,1
198,0036_s004_v3_004.jpg,36,3,4,True,16,1053,0.14878153501293967,0.024024024024024024,2,666,0,1,1,1
199,0036_s007_v6_005.jpg,36,6,7,True,17,1054,0.12352796941951902,0.021065675340768277,3,807,0,1,1,1
200,0036_s008_v1_006.jpg,36,1,8,True,16,1053,0.23484356553055447,0.017660044150110375,2,906,0,1,1,1
201,0036_s008_v7_007.jpg,36,7,8,True,16,1053,0.3006620759565485,0.01990049751243781,1,804,1,1,1,1
202,0036_s009_v1_008.jpg,36,1,9,True,15,1052,0.28152956751620956,0.016835016835016835,1,891,1,1,1,1
203,0036_s009_v4_009.jpg,36,4,9,True,15,1052,0.13161647090183998,0.02242152466367713,1,669,1,1,1,1
204,0036_s009_v7_010.jpg,36,7,9,True,15,1052,0.23265531278073626,0.01858736059479554,2,807,0,1,1,1
205,0036_s012_v1_000.jpg,36,1,12,True,15,1052,0.24029238574567596,0.017921146953405017,1,837,1,1,1,1
206,0036_s012_v4_001.jpg,36,4,12,True,15,1052,0.12575479532293934,0.020435967302452316,5,734,0,1,1,1
207,0036_s012_v7_002.jpg,36,7,12,True,15,1052,0.10417534840924993,0.015657620041753653,2,958,0,1,1,1
208,0045_s005_v1_000.jpg,45,1,5,True,3,1052,0.8055555555555555,0.75,1,4,1,1,1,1
209,0045_s005_v3_001.jpg,45,3,5,True,3,1052,1.0,1.0,1,3,1,1,1,1
210,0045_s005_v7_002.jpg,45,7,5,True,3,1052,1.0,1.0,1,3,1,1,1,1
211,0045_s009_v1_003.jpg,45,1,9,True,3,1052,0.8333333333333334,0.5,1,6,1,1,1,1
212,0045_s009_v3_004.jpg,45,3,9,True,3,1052,0.9166666666666666,0.75,1,4,1,1,1,1
213,0045_s009_v5_005.jpg,45,5,9,True,3,1052,0.5333333333333333,0.6,2,5,0,1,1,1
214,0047_s005_v1_003.jpg,47,1,5,True,6,1053,0.6914983164983166,0.5,1,12,1,1,1,1
215,0047_s005_v2_004.jpg,47,2,5,True,6,1053,0.5252645502645502,0.25,1,24,1,1,1,1
216,0047_s009_v1_005.jpg,47,1,9,True,5,1052,0.6887878787878787,0.22727272727272727,1,22,1,1,1,1
217,0047_s009_v4_006.jpg,47,4,9,True,5,1052,0.6857142857142857,0.5,1,10,1,1,1,1
218,0047_s009_v7_007.jpg,47,7,9,True,5,1052,0.8833333333333334,0.4166666666666667,1,12,1,1,1,1
219,0047_s018_v0_000.jpg,47,0,18,True,5,1052,0.5698717948717948,0.16666666666666666,1,30,1,1,1,1
220,0047_s018_v1_001.jpg,47,1,18,True,5,1052,0.48500000000000004,0.06944444444444445,1,72,1,1,1,1
221,0047_s018_v7_002.jpg,47,7,18,True,5,1052,0.6342857142857142,0.3333333333333333,1,15,1,1,1,1
222,0059_s007_v2_015.jpg,59,2,7,True,18,1053,0.5286253743103588,0.15789473684210525,1,114,1,1,1,1
223,0059_s007_v7_016.jpg,59,7,7,True,18,1053,0.5145778953138104,0.20454545454545456,2,88,0,1,1,1
224,0059_s011_v1_017.jpg,59,1,11,True,17,1052,0.6443332753673808,0.10493827160493827,1,162,1,1,1,1
225,0059_s011_v5_018.jpg,59,5,11,True,17,1052,0.49129960549838847,0.15315315315315314,2,111,0,1,1,1
226,0059_s011_v7_019.jpg,59,7,11,True,17,1052,0.5893015628699974,0.09714285714285714,1,175,1,1,1,1
227,0059_s015_v1_000.jpg,59,1,15,True,17,1052,0.17291605036815347,0.09239130434782608,5,184,0,1,1,1
228,0059_s015_v2_001.jpg,59,2,15,True,17,1052,0.5016115863220612,0.29310344827586204,1,58,1,1,1,1
229,0059_s015_v6_002.jpg,59,6,15,True,17,1052,0.3840530475524502,0.1717171717171717,1,99,1,1,1,1
230,0059_s016_v0_003.jpg,59,0,16,True,18,1053,0.5073770844515681,0.10843373493975904,1,166,1,1,1,1
231,0059_s016_v7_004.jpg,59,7,16,True,18,1053,0.5265579877642057,0.10588235294117647,2,170,0,1,1,1
232,0059_s021_v1_005.jpg,59,1,21,True,16,1051,0.360826839351042,0.10457516339869281,1,153,1,1,1,1
233,0059_s021_v2_006.jpg,59,2,21,True,16,1051,0.3280323641852517,0.07960199004975124,1,201,1,1,1,1
234,0059_s021_v3_007.jpg,59,3,21,True,16,1051,0.4657379801177442,0.128,1,125,1,1,1,1
235,0059_s021_v7_008.jpg,59,7,21,True,16,1051,0.5361692459888807,0.17777777777777778,1,90,1,1,1,1
236,0059_s028_v0_009.jpg,59,0,28,True,14,1049,0.46036199165398495,0.09929078014184398,1,141,1,1,1,1
237,0059_s028_v1_010.jpg,59,1,28,True,14,1049,0.5875535847003238,0.19444444444444445,1,72,1,1,1,1
238,0059_s028_v2_011.jpg,59,2,28,True,14,1049,0.4759545554483945,0.09859154929577464,2,142,0,1,1,1
239,0059_s028_v5_012.jpg,59,5,28,True,14,1049,0.3657979577800223,0.0875,1,160,1,1,1,1
240,0059_s028_v6_013.jpg,59,6,28,True,14,1049,0.2996724851374894,0.11382113821138211,2,123,0,1,1,1
241,0059_s028_v7_014.jpg,59,7,28,True,14,1049,0.6776661970953481,0.0915032679738562,1,153,1,1,1,1
242,0063_s007_v0_007.jpg,63,0,7,True,7,1052,0.2635223449135752,0.0546875,3,128,0,1,1,1
243,0063_s007_v2_008.jpg,63,2,7,True,7,1052,0.4231292517006803,0.20588235294117646,1,34,1,1,1,1
244,0063_s007_v3_009.jpg,63,3,7,True,7,1052,0.2933466452836913,0.06363636363636363,4,110,0,1,1,1
245,0063_s025_v0_000.jpg,63,0,25,True,3,1048,0.4125490196078432,0.12,1,25,1,1,1,1
246,0063_s025_v1_001.jpg,63,1,25,True,3,1048,0.2277167277167277,0.23076923076923078,6,13,0,0,1,1
247,0063_s025_v3_002.jpg,63,3,25,True,3,1048,0.04945909398242055,0.029411764705882353,20,102,0,0,0,1
248,0063_s025_v4_003.jpg,63,4,25,True,3,1048,0.43225806451612897,0.0967741935483871,1,31,1,1,1,1
249,0063_s025_v5_004.jpg,63,5,25,True,3,1048,0.22114695340501792,0.0967741935483871,2,31,0,1,1,1
250,0063_s025_v6_005.jpg,63,6,25,True,3,1048,0.027757056683704012,0.023622047244094488,38,127,0,0,0,0
251,0063_s025_v7_006.jpg,63,7,25,True,3,1048,0.023408586626463435,0.024390243902439025,46,123,0,0,0,0
252,0069_s008_v2_003.jpg,69,2,8,True,3,1052,0.034189504261743685,0.02631578947368421,27,114,0,0,0,0
253,0069_s008_v4_004.jpg,69,4,8,True,3,1052,0.008887650191998017,0.008547008547008548,84,351,0,0,0,0
254,0069_s008_v7_005.jpg,69,7,8,True,3,1052,0.06349206349206349,0.07142857142857142,21,42,0,0,0,0
255,0069_s012_v1_000.jpg,69,1,12,True,3,1052,0.033939423722705454,0.025210084033613446,18,119,0,0,0,1
256,0069_s012_v5_001.jpg,69,5,12,True,3,1052,0.02451411333764275,0.007058823529411765,28,425,0,0,0,0
257,0069_s012_v7_002.jpg,69,7,12,True,3,1052,0.02451906070962046,0.02158273381294964,28,139,0,0,0,0
258,0075_s009_v3_016.jpg,75,3,9,True,16,1052,0.4508156779051018,0.04289544235924933,1,373,1,1,1,1
259,0075_s009_v5_017.jpg,75,5,9,True,16,1052,0.5277591922110544,0.034261241970021415,1,467,1,1,1,1
260,0075_s009_v7_018.jpg,75,7,9,True,16,1052,0.08021164137446649,0.05755395683453238,8,278,0,0,1,1
261,0075_s012_v1_000.jpg,75,1,12,True,16,1052,0.29829348851299,0.06666666666666667,1,240,1,1,1,1
262,0075_s012_v3_001.jpg,75,3,12,True,16,1052,0.43477202127006676,0.047619047619047616,1,336,1,1,1,1
263,0075_s012_v4_002.jpg,75,4,12,True,16,1052,0.3214529767743316,0.036036036036036036,1,444,1,1,1,1
264,0075_s019_v0_003.jpg,75,0,19,True,16,1052,0.19874298234479315,0.06584362139917696,3,243,0,1,1,1
265,0075_s019_v3_004.jpg,75,3,19,True,16,1052,0.27652930565191747,0.02882882882882883,1,555,1,1,1,1
266,0075_s019_v5_005.jpg,75,5,19,True,16,1052,0.2515143078470651,0.07766990291262135,1,206,1,1,1,1
267,0075_s021_v1_006.jpg,75,1,21,True,15,1051,0.42232983264805973,0.14285714285714285,1,105,1,1,1,1
268,0075_s021_v5_007.jpg,75,5,21,True,15,1051,0.15273348163623968,0.05190311418685121,5,289,0,1,1,1
269,0075_s021_v6_008.jpg,75,6,21,True,15,1051,0.06424225230646106,0.024429967426710098,12,614,0,0,0,1
270,0075_s021_v7_009.jpg,75,7,21,True,15,1051,0.2652964608028769,0.04573170731707317,1,328,1,1,1,1
271,0075_s029_v0_010.jpg,75,0,29,True,13,1049,0.13873533775310626,0.046762589928057555,1,278,1,1,1,1
272,0075_s029_v1_011.jpg,75,1,29,True,13,1049,0.14795962605743262,0.04075235109717868,1,319,1,1,1,1
273,0075_s029_v2_012.jpg,75,2,29,True,13,1049,0.34115954338020943,0.025793650793650792,1,504,1,1,1,1
274,0075_s029_v3_013.jpg,75,3,29,True,13,1049,0.4661028608143992,0.036931818181818184,1,352,1,1,1,1
275,0075_s029_v5_014.jpg,75,5,29,True,13,1049,0.5567240590559919,0.0663265306122449,1,196,1,1,1,1
276,0075_s029_v6_015.jpg,75,6,29,True,13,1049,0.4305471150760042,0.05394190871369295,1,241,1,1,1,1
277,0079_s010_v1_006.jpg,79,1,10,True,6,1053,0.27306387608806965,0.0625,2,96,0,1,1,1
278,0079_s010_v3_007.jpg,79,3,10,True,6,1053,0.572440794499618,0.03529411764705882,1,170,1,1,1,1
279,0079_s013_v1_000.jpg,79,1,13,True,6,1053,0.07250747094497095,0.013636363636363636,5,440,0,1,1,1
280,0079_s013_v3_001.jpg,79,3,13,True,6,1053,0.25099950170505864,0.047244094488188976,1,127,1,1,1,1
281,0079_s022_v1_002.jpg,79,1,22,True,4,1051,0.4011986301369863,0.0547945205479452,1,73,1,1,1,1
282,0079_s022_v3_003.jpg,79,3,22,True,4,1051,0.3369186046511628,0.031007751937984496,1,129,1,1,1,1
283,0079_s022_v4_004.jpg,79,4,22,True,4,1051,0.17622498274672188,0.00966183574879227,2,414,0,1,1,1
284,0079_s022_v5_005.jpg,79,5,22,True,4,1051,0.049960109647328374,0.013201320132013201,11,303,0,0,0,1
285,0088_s010_v1_007.jpg,88,1,10,True,7,1052,0.07359037608551755,0.017994858611825194,4,389,0,1,1,1
286,0088_s010_v3_008.jpg,88,3,10,True,7,1052,0.03320843486122854,0.02064896755162242,23,339,0,0,0,0
287,0088_s010_v7_009.jpg,88,7,10,True,7,1052,0.18819068420491017,0.03867403314917127,2,181,0,1,1,1
288,0088_s013_v2_000.jpg,88,2,13,True,7,1052,0.42392290249433107,0.23333333333333334,4,30,0,1,1,1
289,0088_s013_v4_001.jpg,88,4,13,True,7,1052,0.07844481373307526,0.04794520547945205,10,146,0,0,1,1
290,0088_s013_v7_002.jpg,88,7,13,True,7,1052,0.21559115487686914,0.0707070707070707,2,99,0,1,1,1
291,0088_s015_v1_003.jpg,88,1,15,True,8,1053,0.10133900301591978,0.0449438202247191,9,178,0,0,1,1
292,0088_s015_v7_004.jpg,88,7,15,True,8,1053,0.5134320175438596,0.17777777777777778,1,45,1,1,1,1
293,0088_s022_v1_005.jpg,88,1,22,True,8,1053,0.6331247456247456,0.14814814814814814,1,54,1,1,1,1
294,0088_s022_v7_006.jpg,88,7,22,True,8,1053,0.3792930042930043,0.20512820512820512,1,39,1,1,1,1
295,0090_s000_v0_003.jpg,90,0,0,True,3,1047,0.0930584248119793,0.014218009478672985,9,211,0,0,1,1
296,0090_s000_v1_007.jpg,90,1,0,True,3,1047,0.19523809523809524,0.08571428571428572,4,35,0,1,1,1
297,0090_s000_v2_005.jpg,90,2,0,True,3,1047,0.027003402278415373,0.007228915662650603,33,415,0,0,0,0
298,0090_s000_v3_008.jpg,90,3,0,True,3,1047,0.1149122807017544,0.019736842105263157,5,152,0,1,1,1
299,0090_s000_v4_004.jpg,90,4,0,True,3,1047,0.026114180696944034,0.008021390374331552,42,374,0,0,0,0
300,0090_s000_v5_009.jpg,90,5,0,True,3,1047,0.02699906857128727,0.011152416356877323,41,269,0,0,0,0
301,0090_s000_v6_006.jpg,90,6,0,True,3,1047,0.03861505269272259,0.014563106796116505,20,206,0,0,0,1
302,0090_s000_v7_010.jpg,90,7,0,True,3,1047,0.14990053992611538,0.029411764705882353,3,102,0,1,1,1
303,0090_s010_v1_000.jpg,90,1,10,True,8,1052,0.03784391927057318,0.02867383512544803,23,279,0,0,0,0
304,0090_s010_v3_001.jpg,90,3,10,True,8,1052,0.13485209587750424,0.09090909090909091,7,88,0,0,1,1
305,0090_s010_v5_002.jpg,90,5,10,True,8,1052,0.06296060834368265,0.04678362573099415,22,171,0,0,0,0
306,0092_s010_v1_004.jpg,92,1,10,True,4,1052,0.5492424242424242,0.36363636363636365,1,11,1,1,1,1
307,0092_s010_v4_005.jpg,92,4,10,True,4,1052,0.06981196737416893,0.023121387283236993,11,173,0,0,0,1
308,0092_s010_v7_006.jpg,92,7,10,True,4,1052,0.1887768817204301,0.125,3,32,0,1,1,1
309,0092_s022_v0_000.jpg,92,0,22,True,3,1051,0.5777777777777777,0.3333333333333333,1,9,1,1,1,1
310,0092_s022_v1_001.jpg,92,1,22,True,3,1051,0.2895424836601307,0.03529411764705882,3,85,0,1,1,1
311,0092_s022_v3_002.jpg,92,3,22,True,3,1051,0.15981240981240982,0.047619047619047616,4,63,0,1,1,1
312,0092_s022_v7_003.jpg,92,7,22,True,3,1051,0.1346153846153846,0.15,10,20,0,0,1,1
313,0094_s011_v0_020.jpg,94,0,11,True,20,1053,0.14884675970228742,0.02570694087403599,1,778,1,1,1,1
314,0094_s011_v3_021.jpg,94,3,11,True,20,1053,0.32196663065976777,0.05917159763313609,1,338,1,1,1,1
315,0094_s013_v4_000.jpg,94,4,13,True,20,1053,0.08024756785214789,0.023952095808383235,2,835,0,1,1,1
316,0094_s013_v7_001.jpg,94,7,13,True,20,1053,0.295712357281132,0.04608294930875576,1,434,1,1,1,1
317,0094_s015_v4_002.jpg,94,4,15,True,20,1053,0.11728651651570858,0.02554278416347382,1,783,1,1,1,1
318,0094_s015_v7_003.jpg,94,7,15,True,20,1053,0.4118121970771059,0.055865921787709494,1,358,1,1,1,1
319,0094_s016_v1_004.jpg,94,1,16,True,20,1053,0.21295907880949166,0.03710575139146568,3,539,0,1,1,1
320,0094_s016_v7_005.jpg,94,7,16,True,20,1053,0.14086907349831995,0.038461538461538464,3,520,0,1,1,1
321,0094_s023_v0_006.jpg,94,0,23,True,17,1050,0.12135336063014736,0.02847571189279732,2,597,0,1,1,1
322,0094_s023_v1_007.jpg,94,1,23,True,17,1050,0.24660939004742394,0.03171641791044776,1,536,1,1,1,1
323,0094_s023_v2_008.jpg,94,2,23,True,17,1050,0.09253783750051807,0.033268101761252444,2,511,0,1,1,1
324,0094_s023_v6_009.jpg,94,6,23,True,17,1050,0.10111525117518172,0.023842917251051893,6,713,0,0,1,1
325,0094_s023_v6_010.jpg,94,6,23,True,17,1050,0.14850572028173906,0.02982456140350877,1,570,1,1,1,1
326,0094_s024_v0_011.jpg,94,0,24,True,16,1049,0.14148490519281492,0.05177993527508091,5,309,0,1,1,1
327,0094_s024_v1_012.jpg,94,1,24,True,16,1049,0.3024455699841154,0.07511737089201878,1,213,1,1,1,1
328,0094_s024_v3_013.jpg,94,3,24,True,16,1049,0.19659594950010556,0.045454545454545456,1,352,1,1,1,1
329,0094_s024_v4_014.jpg,94,4,24,True,16,1049,0.07560091893525753,0.0469208211143695,11,341,0,0,0,1
330,0094_s024_v5_015.jpg,94,5,24,True,16,1049,0.04006958029244784,0.03827751196172249,20,418,0,0,0,1
331,0094_s024_v7_016.jpg,94,7,24,True,16,1049,0.24059356246449082,0.064,1,250,1,1,1,1
332,0094_s028_v4_017.jpg,94,4,28,True,19,1052,0.15007152779609775,0.06884057971014493,6,276,0,0,1,1
333,0094_s028_v6_018.jpg,94,6,28,True,19,1052,0.24495896637141937,0.03544776119402985,1,536,1,1,1,1
334,0094_s028_v7_019.jpg,94,7,28,True,19,1052,0.35610735643077784,0.05539358600583091,1,343,1,1,1,1
335,0096_s011_v3_010.jpg,96,3,11,True,10,1052,0.014227711058716428,0.017921146953405017,95,558,0,0,0,0
336,0096_s011_v5_011.jpg,96,5,11,True,10,1052,0.010655587366448277,0.012135922330097087,67,824,0,0,0,0
337,0096_s011_v7_012.jpg,96,7,11,True,10,1052,0.01773902619581152,0.017241379310344827,58,580,0,0,0,0
338,0096_s015_v0_000.jpg,96,0,15,True,10,1052,0.3102206354416461,0.01893939393939394,1,528,1,1,1,1
339,0096_s015_v4_001.jpg,96,4,15,True,10,1052,0.05713797519639936,0.018315018315018316,5,546,0,1,1,1
340,0096_s015_v6_002.jpg,96,6,15,True,10,1052,0.16564593946592593,0.04048582995951417,4,247,0,1,1,1
341,0096_s022_v4_003.jpg,96,4,22,True,11,1053,0.030715766321078607,0.016176470588235296,8,680,0,0,1,1
342,0096_s022_v7_004.jpg,96,7,22,True,11,1053,0.23866648855508787,0.014511873350923483,1,758,1,1,1,1
343,0096_s024_v5_005.jpg,96,5,24,True,11,1053,0.082390196989168,0.02231237322515213,6,493,0,0,1,1
344,0096_s024_v7_006.jpg,96,7,24,True,11,1053,0.23817389827487714,0.01867572156196944,1,589,1,1,1,1
345,0096_s028_v0_007.jpg,96,0,28,True,10,1052,0.2015590703297117,0.018115942028985508,2,552,0,1,1,1
346,0096_s028_v5_008.jpg,96,5,28,True,10,1052,0.32925787651486427,0.031545741324921134,1,317,1,1,1,1
347,0096_s028_v7_009.jpg,96,7,28,True,10,1052,0.2471959832849052,0.035211267605633804,2,284,0,1,1,1
348,0100_s011_v1_010.jpg,100,1,11,True,10,1053,0.1278246233465622,0.11904761904761904,13,84,0,0,0,1
349,0100_s011_v4_011.jpg,100,4,11,True,10,1053,0.07997715551423992,0.058823529411764705,24,170,0,0,0,0
350,0100_s017_v0_000.jpg,100,0,17,True,9,1052,0.33849092428039795,0.12,2,75,0,1,1,1
351,0100_s017_v1_001.jpg,100,1,17,True,9,1052,0.39779661696328356,0.10227272727272728,1,88,1,1,1,1
352,0100_s017_v3_002.jpg,100,3,17,True,9,1052,0.11901428598095024,0.15,10,60,0,0,1,1
353,0100_s025_v0_003.jpg,100,0,25,True,5,1048,0.20020532099479466,0.08928571428571429,2,56,0,1,1,1
354,0100_s025_v1_004.jpg,100,1,25,True,5,1048,0.2218664343786295,0.12195121951219512,6,41,0,0,1,1
355,0100_s025_v2_005.jpg,100,2,25,True,5,1048,0.15888198757763977,0.10869565217391304,7,46,0,0,1,1
356,0100_s025_v3_006.jpg,100,3,25,True,5,1048,0.18295454545454545,0.22727272727272727,6,22,0,0,1,1
357,0100_s025_v4_007.jpg,100,4,25,True,5,1048,0.05841288341288341,0.056818181818181816,26,88,0,0,0,0
358,0100_s025_v5_008.jpg,100,5,25,True,5,1048,0.09638406067589572,0.05434782608695652,9,92,0,0,1,1
359,0100_s025_v7_009.jpg,100,7,25,True,5,1048,0.22881652661064425,0.14705882352941177,2,34,0,1,1,1
360,0110_s011_v4_002.jpg,110,4,11,True,2,1052,0.22619047619047616,0.2857142857142857,6,7,0,0,1,1
361,0110_s011_v6_003.jpg,110,6,11,True,2,1052,0.034922394678492244,0.045454545454545456,41,44,0,0,0,0
362,0110_s011_v7_004.jpg,110,7,11,True,2,1052,0.09555555555555556,0.08,9,25,0,0,1,1
363,0110_s012_v0_000.jpg,110,0,12,True,3,1053,0.05602017788397717,0.03225806451612903,9,93,0,0,1,1
364,0110_s012_v5_001.jpg,110,5,12,True,3,1053,0.18719124013241661,0.025210084033613446,2,119,0,1,1,1
365,0112_s012_v0_000.jpg,112,0,12,True,7,1053,0.11591158878165804,0.04929577464788732,5,142,0,1,1,1
366,0112_s012_v3_001.jpg,112,3,12,True,7,1053,0.25925725463752974,0.01289134438305709,1,543,1,1,1,1
367,0112_s018_v0_002.jpg,112,0,18,True,7,1053,0.06985464509381374,0.027777777777777776,3,252,0,1,1,1
368,0112_s018_v3_003.jpg,112,3,18,True,7,1053,0.21694274060265717,0.033816425120772944,1,207,1,1,1,1
369,0112_s025_v1_004.jpg,112,1,25,True,4,1050,0.013578422085014375,0.010256410256410256,87,390,0,0,0,0
370,0112_s025_v2_005.jpg,112,2,25,True,4,1050,0.023763062202852788,0.009111617312072893,41,439,0,0,0,0
371,0112_s025_v3_006.jpg,112,3,25,True,4,1050,0.054707343101294055,0.00904977375565611,9,442,0,0,1,1
372,0112_s025_v4_007.jpg,112,4,25,True,4,1050,0.04654220822445121,0.012461059190031152,15,321,0,0,0,1
373,0112_s025_v5_008.jpg,112,5,25,True,4,1050,0.0199310788788951,0.009302325581395349,45,430,0,0,0,0
374,0114_s012_v3_000.jpg,114,3,12,True,11,1053,0.419928495769102,0.061452513966480445,1,179,1,1,1,1
375,0114_s012_v5_001.jpg,114,5,12,True,11,1053,0.4877797515990592,0.0718954248366013,1,153,1,1,1,1
376,0114_s016_v3_002.jpg,114,3,16,True,11,1053,0.3132388827248531,0.05583756345177665,1,197,1,1,1,1
377,0114_s016_v5_003.jpg,114,5,16,True,11,1053,0.4579308814003745,0.09821428571428571,1,112,1,1,1,1
378,0114_s018_v0_004.jpg,114,0,18,True,9,1051,0.29775695126330465,0.09278350515463918,2,97,0,1,1,1
379,0114_s018_v1_005.jpg,114,1,18,True,9,1051,0.42859801610592246,0.17647058823529413,1,51,1,1,1,1
380,0114_s018_v2_006.jpg,114,2,18,True,9,1051,0.5575768831321448,0.14516129032258066,1,62,1,1,1,1
381,0114_s018_v6_007.jpg,114,6,18,True,9,1051,0.5523926230377842,0.09,1,100,1,1,1,1
382,0114_s019_v0_008.jpg,114,0,19,True,8,1050,0.4026273890530716,0.057971014492753624,1,138,1,1,1,1
383,0114_s019_v1_009.jpg,114,1,19,True,8,1050,0.4611350574712644,0.08888888888888889,1,90,1,1,1,1
384,0114_s019_v2_010.jpg,114,2,19,True,8,1050,0.31560284522241044,0.12121212121212122,1,66,1,1,1,1
385,0114_s019_v4_011.jpg,114,4,19,True,8,1050,0.3896318973579612,0.0761904761904762,1,105,1,1,1,1
386,0114_s019_v6_012.jpg,114,6,19,True,8,1050,0.5881035188216039,0.1702127659574468,1,47,1,1,1,1
387,0116_s012_v0_000.jpg,116,0,12,True,4,1052,0.044993204843093645,0.03508771929824561,20,114,0,0,0,1
388,0116_s012_v4_001.jpg,116,4,12,True,4,1052,0.1099673202614379,0.1111111111111111,10,36,0,0,1,1
389,0116_s012_v6_002.jpg,116,6,12,True,4,1052,0.53125,0.25,1,16,1,1,1,1
390,0116_s029_v1_003.jpg,116,1,29,True,3,1051,0.2158119658119658,0.23076923076923078,6,13,0,0,1,1
391,0116_s029_v3_004.jpg,116,3,29,True,3,1051,0.4256410256410256,0.07692307692307693,1,39,1,1,1,1
392,0116_s029_v5_005.jpg,116,5,29,True,3,1051,0.3902827558741537,0.0967741935483871,1,31,1,1,1,1
393,0116_s029_v7_006.jpg,116,7,29,True,3,1051,0.26190476190476186,0.3333333333333333,6,9,0,0,1,1
394,0122_s012_v2_000.jpg,122,2,12,True,10,1052,0.5010540154759222,0.1724137931034483,1,58,1,1,1,1
395,0122_s012_v5_001.jpg,122,5,12,True,10,1052,0.32563337015078225,0.12048192771084337,3,83,0,1,1,1
396,0122_s012_v7_002.jpg,122,7,12,True,10,1052,0.12623125632324178,0.10309278350515463,13,97,0,0,0,1
397,0122_s013_v0_003.jpg,122,0,13,True,11,1053,0.2608274552053303,0.06918238993710692,3,159,0,1,1,1
398,0122_s013_v1_004.jpg,122,1,13,True,11,1053,0.1938268471230088,0.08870967741935484,1,124,1,1,1,1
399,0122_s025_v0_005.jpg,122,0,25,True,5,1047,0.16748319327731093,0.14705882352941177,5,34,0,1,1,1
400,0122_s025_v1_006.jpg,122,1,25,True,5,1047,0.2906776556776557,0.08928571428571429,2,56,0,1,1,1
401,0122_s025_v2_007.jpg,122,2,25,True,5,1047,0.0677999153498246,0.0641025641025641,18,78,0,0,0,1
402,0122_s025_v3_008.jpg,122,3,25,True,5,1047,0.5487854251012145,0.2631578947368421,1,19,1,1,1,1
403,0122_s025_v4_009.jpg,122,4,25,True,5,1047,0.49123595505617973,0.056179775280898875,1,89,1,1,1,1
404,0122_s025_v5_010.jpg,122,5,25,True,5,1047,0.34707482993197275,0.10204081632653061,3,49,0,1,1,1
405,0122_s025_v6_011.jpg,122,6,25,True,5,1047,0.22694779730073847,0.06493506493506493,3,77,0,1,1,1
406,0122_s025_v7_012.jpg,122,7,25,True,5,1047,0.15274064171122997,0.09615384615384616,11,52,0,0,0,1
407,0127_s013_v0_000.jpg,127,0,13,True,4,1053,0.08902337972105413,0.09302325581395349,13,43,0,0,0,1
408,0127_s013_v3_001.jpg,127,3,13,True,4,1053,0.09700854700854701,0.07692307692307693,8,52,0,0,1,1
409,0127_s022_v4_002.jpg,127,4,22,True,4,1053,0.10367063492063491,0.1111111111111111,14,36,0,0,0,1
410,0127_s022_v7_003.jpg,127,7,22,True,4,1053,0.1116127216436814,0.08,11,50,0,0,0,1
411,0127_s028_v3_004.jpg,127,3,28,True,4,1053,0.1153523261821247,0.08695652173913043,4,46,0,1,1,1
412,0127_s028_v5_005.jpg,127,5,28,True,4,1053,0.06477052359405301,0.04395604395604396,7,91,0,0,1,1
413,0129_s013_v0_000.jpg,129,0,13,True,13,1052,0.1883904029602535,0.05263157894736842,1,247,1,1,1,1
414,0129_s013_v3_001.jpg,129,3,13,True,13,1052,0.3608247775047208,0.15853658536585366,1,82,1,1,1,1
415,0129_s013_v5_002.jpg,129,5,13,True,13,1052,0.3061114177399179,0.11818181818181818,1,110,1,1,1,1
416,0129_s015_v3_003.jpg,129,3,15,True,13,1052,0.14475033376062982,0.10655737704918032,6,122,0,0,1,1
417,0129_s015_v5_004.jpg,129,5,15,True,13,1052,0.5269239913938,0.13402061855670103,1,97,1,1,1,1
418,0129_s015_v7_005.jpg,129,7,15,True,13,1052,0.19697410426407155,0.06341463414634146,3,205,0,1,1,1
419,0129_s016_v1_006.jpg,129,1,16,True,14,1053,0.20962651682363412,0.10606060606060606,2,132,0,1,1,1
420,0129_s016_v6_007.jpg,129,6,16,True,14,1053,0.20152290031075587,0.07035175879396985,1,199,1,1,1,1
421,0129_s023_v0_008.jpg,129,0,23,True,11,1050,0.1639881868410112,0.03235294117647059,1,340,1,1,1,1
422,0129_s023_v1_009.jpg,129,1,23,True,11,1050,0.15783420243607005,0.04700854700854701,2,234,0,1,1,1
423,0129_s023_v3_010.jpg,129,3,23,True,11,1050,0.3690277229419274,0.04602510460251046,1,239,1,1,1,1
424,0129_s023_v4_011.jpg,129,4,23,True,11,1050,0.4991975952068575,0.13253012048192772,1,83,1,1,1,1
425,0129_s023_v5_012.jpg,129,5,23,True,11,1050,0.42092955029351664,0.08270676691729323,1,133,1,1,1,1
426,0129_s024_v0_013.jpg,129,0,24,True,13,1052,0.16556738894667497,0.04744525547445255,1,274,1,1,1,1
427,0129_s024_v4_014.jpg,129,4,24,True,13,1052,0.3518424394099418,0.19696969696969696,1,66,1,1,1,1
428,0129_s024_v5_015.jpg,129,5,24,True,13,1052,0.3593367870792398,0.11607142857142858,1,112,1,1,1,1
429,0139_s000_v0_002.jpg,139,0,0,True,2,1047,0.05411255411255411,0.06060606060606061,21,33,0,0,0,0
430,0139_s000_v1_006.jpg,139,1,0,True,2,1047,0.05857385398981324,0.06451612903225806,19,31,0,0,0,1
431,0139_s000_v2_004.jpg,139,2,0,True,2,1047,0.0315136476426799,0.03076923076923077,31,65,0,0,0,0
432,0139_s000_v3_007.jpg,139,3,0,True,2,1047,0.05333333333333333,0.06666666666666667,25,30,0,0,0,0
433,0139_s000_v4_003.jpg,139,4,0,True,2,1047,0.12142857142857143,0.14285714285714285,10,14,0,0,1,1
434,0139_s000_v5_008.jpg,139,5,0,True,2,1047,0.044172932330827065,0.05263157894736842,28,38,0,0,0,0
435,0139_s000_v6_005.jpg,139,6,0,True,2,1047,0.0494047619047619,0.05714285714285714,24,35,0,0,0,0
436,0139_s000_v7_009.jpg,139,7,0,True,2,1047,0.07125603864734299,0.08695652173913043,18,23,0,0,0,1
437,0139_s015_v1_000.jpg,139,1,15,True,8,1053,0.1587223316264713,0.14814814814814814,10,54,0,0,1,1
438,0139_s015_v7_001.jpg,139,7,15,True,8,1053,0.10323721965169333,0.0761904761904762,19,105,0,0,0,1
439,0141_s015_v0_000.jpg,141,0,15,True,5,1052,0.23490208390691897,0.04132231404958678,1,121,1,1,1,1
440,0141_s015_v3_001.jpg,141,3,15,True,5,1052,0.5442176870748299,0.10204081632653061,1,49,1,1,1,1
441,0141_s015_v5_002.jpg,141,5,15,True,5,1052,0.36924242424242426,0.125,2,40,0,1,1,1
442,0141_s023_v0_003.jpg,141,0,23,True,3,1050,0.18326177332515503,0.022388059701492536,2,134,0,1,1,1
443,0141_s023_v1_004.jpg,141,1,23,True,3,1050,0.04599442702890979,0.02586206896551724,15,116,0,0,0,1
444,0141_s023_v3_005.jpg,141,3,23,True,3,1050,0.40613026819923365,0.05172413793103448,2,58,0,1,1,1
445,0141_s023_v4_006.jpg,141,4,23,True,3,1050,0.2911111111111111,0.04,2,75,0,1,1,1
446,0141_s023_v5_007.jpg,141,5,23,True,3,1050,0.4055555555555555,0.05,2,60,0,1,1,1
447,0143_s016_v0_000.jpg,143,0,16,True,5,1051,0.7352272727272727,0.3125,1,16,1,1,1,1
448,0143_s016_v1_001.jpg,143,1,16,True,5,1051,0.6329670329670329,0.35714285714285715,1,14,1,1,1,1
449,0143_s016_v3_002.jpg,143,3,16,True,5,1051,0.5961904761904762,0.7142857142857143,2,7,0,1,1,1
450,0143_s016_v5_003.jpg,143,5,16,True,5,1051,0.5388888888888889,0.2777777777777778,2,18,0,1,1,1
451,0143_s024_v0_004.jpg,143,0,24,True,4,1050,0.8928571428571428,0.5714285714285714,1,7,1,1,1,1
452,0143_s024_v1_005.jpg,143,1,24,True,4,1050,0.8611111111111112,0.4444444444444444,1,9,1,1,1,1
453,0143_s024_v3_006.jpg,143,3,24,True,4,1050,0.6291666666666667,0.25,1,16,1,1,1,1
454,0143_s024_v4_007.jpg,143,4,24,True,4,1050,0.4952380952380952,0.11428571428571428,1,35,1,1,1,1
455,0143_s024_v7_008.jpg,143,7,24,True,4,1050,0.8875,0.8,1,5,1,1,1,1
456,0145_s016_v0_000.jpg,145,0,16,True,9,1050,0.18939144515545042,0.037815126050420166,1,238,1,1,1,1
457,0145_s016_v3_001.jpg,145,3,16,True,9,1050,0.027793521206264733,0.01549053356282272,23,581,0,0,0,0
458,0145_s016_v4_002.jpg,145,4,16,True,9,1050,0.07742013687605422,0.018,2,500,0,1,1,1
459,0145_s016_v5_003.jpg,145,5,16,True,9,1050,0.06591936418880001,0.020642201834862386,5,436,0,1,1,1
460,0145_s016_v7_004.jpg,145,7,16,True,9,1050,0.06105976301648989,0.024390243902439025,5,369,0,1,1,1
461,0145_s023_v0_005.jpg,145,0,23,True,9,1050,0.016352787244699747,0.017543859649122806,83,513,0,0,0,0
462,0145_s023_v1_006.jpg,145,1,23,True,9,1050,0.06611945550963035,0.039647577092511016,10,227,0,0,1,1
463,0145_s023_v3_007.jpg,145,3,23,True,9,1050,0.04899077789393843,0.022727272727272728,8,396,0,0,1,1
464,0145_s023_v4_008.jpg,145,4,23,True,9,1050,0.02543357358777675,0.014827018121911038,15,607,0,0,0,1
465,0145_s023_v7_009.jpg,145,7,23,True,9,1050,0.044394282505302494,0.030821917808219176,10,292,0,0,1,1
466,0145_s024_v1_010.jpg,145,1,24,True,10,1051,0.14711871845484775,0.046511627906976744,2,215,0,1,1,1
467,0145_s024_v3_011.jpg,145,3,24,True,10,1051,0.21932189718593093,0.05714285714285714,2,175,0,1,1,1
468,0145_s024_v4_012.jpg,145,4,24,True,10,1051,0.18980855296387378,0.0411522633744856,2,243,0,1,1,1
469,0145_s024_v5_013.jpg,145,5,24,True,10,1051,0.09895075048033355,0.020202020202020204,7,495,0,0,1,1
470,0150_s000_v0_007.jpg,150,0,0,True,7,1047,0.01965231083260824,0.013916500994035786,63,503,0,0,0,0
471,0150_s000_v1_011.jpg,150,1,0,True,7,1047,0.051688776913513326,0.02064896755162242,16,339,0,0,0,1
472,0150_s000_v2_009.jpg,150,2,0,True,7,1047,0.023116905378446163,0.018229166666666668,21,384,0,0,0,0
473,0150_s000_v3_012.jpg,150,3,0,True,7,1047,0.025442786056159995,0.019498607242339833,60,359,0,0,0,0
474,0150_s000_v4_008.jpg,150,4,0,True,7,1047,0.01962037035935127,0.01707317073170732,95,410,0,0,0,0
475,0150_s000_v5_013.jpg,150,5,0,True,7,1047,0.02078102095714956,0.01627906976744186,72,430,0,0,0,0
476,0150_s000_v6_010.jpg,150,6,0,True,7,1047,0.01960782949031209,0.023728813559322035,62,295,0,0,0,0
477,0150_s000_v7_014.jpg,150,7,0,True,7,1047,0.05214151918987177,0.023255813953488372,14,301,0,0,0,1
478,0150_s016_v1_000.jpg,150,1,16,True,12,1052,0.040031880671758516,0.023121387283236993,6,519,0,0,1,1
479,0150_s016_v4_001.jpg,150,4,16,True,12,1052,0.04668999897486034,0.036036036036036036,12,333,0,0,0,1
480,0150_s016_v7_002.jpg,150,7,16,True,12,1052,0.062111070488619836,0.04240282685512368,5,283,0,1,1,1
481,0150_s024_v0_003.jpg,150,0,24,True,11,1051,0.056737241972834605,0.041044776119402986,26,268,0,0,0,0
482,0150_s024_v1_004.jpg,150,1,24,True,11,1051,0.18356066117302536,0.07333333333333333,2,150,0,1,1,1
483,0150_s024_v3_005.jpg,150,3,24,True,11,1051,0.09193692554540876,0.05472636815920398,2,201,0,1,1,1
484,0150_s024_v7_006.jpg,150,7,24,True,11,1051,0.11236626880449264,0.013002364066193853,1,846,1,1,1,1
485,0152_s016_v1_000.jpg,152,1,16,True,3,1054,0.17528066952439272,0.008450704225352112,2,355,0,1,1,1
486,0152_s018_v3_001.jpg,152,3,18,True,1,1052,0.001610305958132045,0.001610305958132045,621,621,0,0,0,0
487,0152_s018_v5_002.jpg,152,5,18,True,1,1052,0.0038461538461538464,0.0038461538461538464,260,260,0,0,0,0
488,0152_s018_v7_003.jpg,152,7,18,True,1,1052,0.01,0.01,100,100,0,0,0,0
489,0160_s017_v0_000.jpg,160,0,17,True,12,1052,0.04017055135428819,0.03592814371257485,36,334,0,0,0,0
490,0160_s017_v1_001.jpg,160,1,17,True,12,1052,0.11865059180431388,0.13186813186813187,8,91,0,0,1,1
491,0160_s017_v3_002.jpg,160,3,17,True,12,1052,0.23338265811417036,0.14457831325301204,3,83,0,1,1,1
492,0160_s029_v1_003.jpg,160,1,29,True,9,1049,0.07640616569296842,0.08411214953271028,8,107,0,0,1,1
493,0160_s029_v3_004.jpg,160,3,29,True,9,1049,0.10359278762993014,0.0743801652892562,3,121,0,1,1,1
494,0160_s029_v4_005.jpg,160,4,29,True,9,1049,0.03862823978899213,0.03765690376569038,28,239,0,0,0,0
495,0160_s029_v5_006.jpg,160,5,29,True,9,1049,0.28861397534769184,0.12162162162162163,2,74,0,1,1,1
496,0160_s029_v6_007.jpg,160,6,29,True,9,1049,0.19403829488010713,0.13043478260869565,4,69,0,1,1,1
497,0160_s029_v7_008.jpg,160,7,29,True,9,1049,0.14314628796829443,0.08737864077669903,7,103,0,0,1,1
498,0160_s030_v0_009.jpg,160,0,30,True,9,1049,0.162422011894277,0.09782608695652174,2,92,0,1,1,1
499,0160_s030_v1_010.jpg,160,1,30,True,9,1049,0.27392320707923545,0.06382978723404255,2,141,0,1,1,1
500,0160_s030_v3_011.jpg,160,3,30,True,9,1049,0.2747474333191959,0.07258064516129033,1,124,1,1,1,1
501,0160_s030_v4_012.jpg,160,4,30,True,9,1049,0.24534996023465627,0.11538461538461539,1,78,1,1,1,1
502,0160_s030_v5_013.jpg,160,5,30,True,9,1049,0.3330884400543843,0.05921052631578947,1,152,1,1,1,1
503,0160_s030_v6_014.jpg,160,6,30,True,9,1049,0.23283080682326332,0.06923076923076923,2,130,0,1,1,1
504,0170_s018_v0_000.jpg,170,0,18,True,6,1053,0.5118535586277521,0.05714285714285714,1,105,1,1,1,1
505,0170_s018_v5_001.jpg,170,5,18,True,6,1053,0.5975529100529101,0.2222222222222222,1,27,1,1,1,1
506,0170_s027_v0_002.jpg,170,0,27,True,2,1049,0.06272727272727273,0.08,22,25,0,0,0,0
507,0170_s027_v1_003.jpg,170,1,27,True,2,1049,0.14545454545454545,0.09090909090909091,5,22,0,1,1,1
508,0170_s027_v2_004.jpg,170,2,27,True,2,1049,0.030017921146953404,0.027777777777777776,31,72,0,0,0,0
509,0170_s027_v3_005.jpg,170,3,27,True,2,1049,0.04759358288770053,0.03636363636363636,17,55,0,0,0,1
510,0170_s027_v4_006.jpg,170,4,27,True,2,1049,0.052564102564102565,0.06666666666666667,26,30,0,0,0,0
511,0170_s027_v7_007.jpg,170,7,27,True,2,1049,0.04714912280701754,0.05263157894736842,24,38,0,0,0,0
512,0176_s019_v0_000.jpg,176,0,19,True,5,1051,0.07829733253022002,0.03048780487804878,13,164,0,0,0,1
513,0176_s019_v1_001.jpg,176,1,19,True,5,1051,0.6803703703703704,0.18518518518518517,1,27,1,1,1,1
514,0176_s019_v4_002.jpg,176,4,19,True,5,1051,0.08290677673265152,0.018050541516245487,4,277,0,1,1,1
515,0176_s019_v5_003.jpg,176,5,19,True,5,1051,0.10521561771561772,0.044642857142857144,4,112,0,1,1,1
516,0176_s029_v1_004.jpg,176,1,29,True,4,1050,0.09490031190341751,0.015810276679841896,6,253,0,0,1,1
517,0176_s029_v3_005.jpg,176,3,29,True,4,1050,0.1417512503677552,0.022727272727272728,3,176,0,1,1,1
518,0176_s029_v5_006.jpg,176,5,29,True,4,1050,0.276236251352326,0.01702127659574468,1,235,1,1,1,1
519,0176_s029_v6_007.jpg,176,6,29,True,4,1050,0.021542795109607736,0.007547169811320755,28,530,0,0,0,0
520,0176_s029_v7_008.jpg,176,7,29,True,4,1050,0.31899885519629195,0.014184397163120567,1,282,1,1,1,1
521,0178_s019_v1_000.jpg,178,1,19,True,2,1051,1.0,1.0,1,2,1,1,1,1
522,0178_s019_v2_001.jpg,178,2,19,True,2,1051,0.5833333333333333,0.6666666666666666,2,3,0,1,1,1
523,0178_s019_v4_002.jpg,178,4,19,True,2,1051,0.75,0.5,1,4,1,1,1,1
524,0178_s019_v7_003.jpg,178,7,19,True,2,1051,0.8333333333333333,0.6666666666666666,1,3,1,1,1,1
525,0178_s022_v3_004.jpg,178,3,22,True,4,1053,0.49603174603174605,0.2222222222222222,1,18,1,1,1,1
526,0178_s022_v4_005.jpg,178,4,22,True,4,1053,0.7784090909090909,0.36363636363636365,1,11,1,1,1,1
527,0196_s000_v0_002.jpg,196,0,0,True,2,1052,0.052380952380952375,0.05714285714285714,21,35,0,0,0,0
528,0196_s000_v1_004.jpg,196,1,0,True,2,1052,0.07275132275132275,0.07407407407407407,14,27,0,0,0,1
529,0196_s000_v2_003.jpg,196,2,0,True,2,1052,0.05572755417956656,0.05263157894736842,17,38,0,0,0,1
530,0196_s022_v0_000.jpg,196,0,22,True,3,1053,0.0645813047711782,0.0379746835443038,8,79,0,0,1,1
531,0196_s022_v7_001.jpg,196,7,22,True,3,1053,0.19719416386083052,0.05454545454545454,2,55,0,1,1,1
532,0204_s022_v0_000.jpg,204,0,22,True,2,1051,0.028588564574170333,0.03278688524590164,41,61,0,0,0,0
533,0204_s022_v5_001.jpg,204,5,22,True,2,1051,0.02167291471415183,0.020618556701030927,44,97,0,0,0,0
534,0204_s022_v6_002.jpg,204,6,22,True,2,1051,0.08333333333333333,0.08333333333333333,12,24,0,0,0,1
535,0204_s022_v7_003.jpg,204,7,22,True,2,1051,0.41666666666666663,0.5,3,4,0,1,1,1
536,0204_s024_v1_004.jpg,204,1,24,True,4,1053,0.04590629800307219,0.021164021164021163,25,189,0,0,0,0
537,0204_s024_v3_005.jpg,204,3,24,True,4,1053,0.09880696624799794,0.02877697841726619,11,139,0,0,0,1
538,0220_s023_v0_000.jpg,220,0,23,True,4,1048,0.016341283329112943,0.015444015444015444,63,259,0,0,0,0
539,0220_s023_v1_001.jpg,220,1,23,True,4,1048,0.12136970172684458,0.08163265306122448,12,49,0,0,0,1
540,0220_s023_v3_002.jpg,220,3,23,True,4,1048,0.04073255067248202,0.02564102564102564,23,156,0,0,0,0
541,0220_s023_v4_003.jpg,220,4,23,True,4,1048,0.014595977879158114,0.0163265306122449,82,245,0,0,0,0
542,0220_s023_v5_004.jpg,220,5,23,True,4,1048,0.025682368478978652,0.025974025974025976,56,154,0,0,0,0
543,0220_s023_v6_005.jpg,220,6,23,True,4,1048,0.025328965342022357,0.01593625498007968,34,251,0,0,0,0
544,0220_s023_v7_006.jpg,220,7,23,True,4,1048,0.05235748261797157,0.06349206349206349,29,63,0,0,0,0
545,0220_s024_v0_007.jpg,220,0,24,True,7,1051,0.24677359315819353,0.03431372549019608,1,204,1,1,1,1
546,0220_s024_v1_008.jpg,220,1,24,True,7,1051,0.1583186464049282,0.03804347826086957,5,184,0,1,1,1
547,0220_s024_v2_009.jpg,220,2,24,True,7,1051,0.06062204887019299,0.02857142857142857,17,245,0,0,0,1
548,0220_s024_v3_010.jpg,220,3,24,True,7,1051,0.07851599428898028,0.04242424242424243,16,165,0,0,0,1
549,0228_s026_v2_000.jpg,228,2,26,True,6,1050,0.27093114241001565,0.04225352112676056,2,142,0,1,1,1
550,0228_s026_v3_001.jpg,228,3,26,True,6,1050,0.41670445956160235,0.12244897959183673,3,49,0,1,1,1
551,0228_s026_v4_002.jpg,228,4,26,True,6,1050,0.16249712819480264,0.13953488372093023,6,43,0,0,1,1
552,0228_s026_v5_003.jpg,228,5,26,True,6,1050,0.6747835497835498,0.2727272727272727,1,22,1,1,1,1
553,0228_s026_v6_004.jpg,228,6,26,True,6,1050,0.5530600118835413,0.09090909090909091,1,66,1,1,1,1
554,0228_s030_v2_005.jpg,228,2,30,True,5,1049,0.6666666666666666,0.4166666666666667,1,12,1,1,1,1
555,0228_s030_v3_006.jpg,228,3,30,True,5,1049,0.3734006734006734,0.18518518518518517,2,27,0,1,1,1
556,0228_s030_v4_007.jpg,228,4,30,True,5,1049,0.49842157842157847,0.03496503496503497,1,143,1,1,1,1
557,0228_s030_v5_008.jpg,228,5,30,True,5,1049,0.6900000000000001,0.2,1,25,1,1,1,1
558,0228_s030_v6_009.jpg,228,6,30,True,5,1049,0.5359663865546218,0.29411764705882354,1,17,1,1,1,1
559,0228_s030_v7_010.jpg,228,7,30,True,5,1049,0.3758592132505176,0.21739130434782608,3,23,0,1,1,1
560,0239_s028_v3_000.jpg,239,3,28,True,2,1052,0.052564102564102565,0.06666666666666667,26,30,0,0,0,0
561,0239_s028_v5_001.jpg,239,5,28,True,2,1052,0.035873015873015876,0.031746031746031744,25,63,0,0,0,0
562,0239_s028_v6_002.jpg,239,6,28,True,2,1052,0.014912280701754385,0.016666666666666666,76,120,0,0,0,0
563,0239_s029_v3_003.jpg,239,3,29,True,3,1053,0.3615605897159295,0.02912621359223301,1,103,1,1,1,1
564,0239_s029_v4_004.jpg,239,4,29,True,3,1053,0.14365881032547698,0.037037037037037035,3,81,0,1,1,1
565,0241_s028_v1_000.jpg,241,1,28,True,4,1050,0.012376060870114296,0.013745704467353952,101,291,0,0,0,0
566,0241_s028_v2_001.jpg,241,2,28,True,4,1050,0.02305339908990899,0.03125,72,128,0,0,0,0
567,0241_s028_v3_002.jpg,241,3,28,True,4,1050,0.016399007790397487,0.023529411764705882,121,170,0,0,0,0
568,0241_s028_v5_003.jpg,241,5,28,True,4,1050,0.01201651207561373,0.01646090534979424,154,243,0,0,0,0
569,0241_s028_v7_004.jpg,241,7,28,True,4,1050,0.009322292910713618,0.010025062656641603,140,399,0,0,0,0
570,0241_s029_v0_005.jpg,241,0,29,True,5,1051,0.008776342788106486,0.009380863039399626,199,533,0,0,0,0
571,0241_s029_v3_006.jpg,241,3,29,True,5,1051,0.01662031634469905,0.01366120218579235,96,366,0,0,0,0
572,0241_s029_v5_007.jpg,241,5,29,True,5,1051,0.02106100373661479,0.017421602787456445,70,287,0,0,0,0
573,0241_s029_v7_008.jpg,241,7,29,True,5,1051,0.020538890366768592,0.02252252252252252,88,222,0,0,0,0
574,0253_s000_v0_004.jpg,253,0,0,True,12,1050,0.03264802258370619,0.01929260450160772,54,622,0,0,0,0
575,0253_s000_v1_007.jpg,253,1,0,True,12,1050,0.018076454559523066,0.018518518518518517,77,648,0,0,0,0
576,0253_s000_v2_006.jpg,253,2,0,True,12,1050,0.026900820752368493,0.017699115044247787,88,678,0,0,0,0
577,0253_s000_v4_005.jpg,253,4,0,True,12,1050,0.01625300070336311,0.013029315960912053,116,921,0,0,0,0
578,0253_s000_v7_009.jpg,253,7,0,True,12,1050,0.012674157934210792,0.012658227848101266,185,948,0,0,0,0
579,0253_s001_v0_004.jpg,253,0,1,True,9,1047,0.04652553520705439,0.015517241379310345,10,580,0,0,1,1
580,0253_s001_v1_008.jpg,253,1,1,True,9,1047,0.029724991852504292,0.015254237288135594,17,590,0,0,0,1
581,0253_s001_v2_006.jpg,253,2,1,True,9,1047,0.07871128160244305,0.018145161290322582,3,496,0,1,1,1
582,0253_s001_v3_009.jpg,253,3,1,True,9,1047,0.13597306722626049,0.015410958904109588,1,584,1,1,1,1
583,0253_s001_v4_005.jpg,253,4,1,True,9,1047,0.24232383120630546,0.0162748643761302,1,553,1,1,1,1
584,0253_s001_v5_010.jpg,253,5,1,True,9,1047,0.1314061851028326,0.01592920353982301,2,565,0,1,1,1
585,0253_s001_v6_007.jpg,253,6,1,True,9,1047,0.04035542222433221,0.015254237288135594,13,590,0,0,0,1
586,0253_s001_v7_011.jpg,253,7,1,True,9,1047,0.02807038860003461,0.020089285714285716,57,448,0,0,0,0
587,0253_s030_v1_000.jpg,253,1,30,True,13,1051,0.09668277046894798,0.01522248243559719,3,854,0,1,1,1
588,0253_s030_v3_001.jpg,253,3,30,True,13,1051,0.15489148203816658,0.023214285714285715,3,560,0,1,1,1
589,0253_s030_v5_002.jpg,253,5,30,True,13,1051,0.306259180669998,0.02524271844660194,1,515,1,1,1,1
590,0253_s030_v7_003.jpg,253,7,30,True,13,1051,0.16925742709116232,0.014722536806342015,1,883,1,1,1,1
