query_index,name,identity,camera,scene,valid,relevant_gallery,kept_gallery,AP,INP,first_match,last_match,Rank-1,Rank-5,Rank-10,Rank-20
0,0002_s002_v0_000.jpg,2,0,2,True,2,1053,0.004590673575129534,0.0051813471502590676,250,386,0,0,0,0
1,0002_s002_v3_001.jpg,2,3,2,True,2,1053,0.5030395136778115,0.0060790273556231,1,329,1,1,1,1
2,0002_s013_v1_002.jpg,2,1,13,True,2,1053,0.010874568469505179,0.012658227848101266,110,158,0,0,0,0
3,0002_s013_v4_003.jpg,2,4,13,True,2,1053,0.5042194092827004,0.008438818565400843,1,237,1,1,1,1
4,0004_s002_v3_000.jpg,4,3,2,True,11,1054,0.439609323467201,0.03133903133903134,1,351,1,1,1,1
5,0004_s007_v1_010.jpg,4,1,7,True,10,1053,0.2727094418198295,0.03205128205128205,1,312,1,1,1,1
6,0004_s007_v6_011.jpg,4,6,7,True,10,1053,0.32083357097776655,0.03460207612456748,3,289,0,1,1,1
7,0004_s021_v1_001.jpg,4,1,21,True,10,1053,0.1410803062773671,0.017543859649122806,1,570,1,1,1,1
8,0004_s021_v7_002.jpg,4,7,21,True,10,1053,0.15707202534130094,0.018656716417910446,1,536,1,1,1,1
9,0004_s022_v3_003.jpg,4,3,22,True,10,1053,0.09990664547764205,0.02617801047120419,11,382,0,0,0,1
10,0004_s022_v4_004.jpg,4,4,22,True,10,1053,0.07563051045268704,0.01858736059479554,7,538,0,0,1,1
11,0004_s026_v0_005.jpg,4,0,26,True,7,1050,0.047511071904808425,0.020588235294117647,22,340,0,0,0,0
12,0004_s026_v1_006.jpg,4,1,26,True,7,1050,0.45063646670789526,0.2,1,35,1,1,1,1
13,0004_s026_v2_007.jpg,4,2,26,True,7,1050,0.23050796766413445,0.037037037037037035,1,189,1,1,1,1
14,0004_s026_v6_008.jpg,4,6,26,True,7,1050,0.2521096348567543,0.07216494845360824,3,97,0,1,1,1
15,0004_s026_v7_009.jpg,4,7,26,True,7,1050,0.49869567127017983,0.03070175438596491,1,228,1,1,1,1
16,0006_s002_v1_000.jpg,6,1,2,True,14,1053,0.016114842241454878,0.01734820322180917,110,807,0,0,0,0
17,0006_s002_v7_001.jpg,6,7,2,True,14,1053,0.027232141826338402,0.024955436720142603,110,561,0,0,0,0
18,0006_s007_v0_012.jpg,6,0,7,True,12,1051,0.02573673746825107,0.024390243902439025,13,492,0,0,0,1
19,0006_s007_v4_013.jpg,6,4,7,True,12,1051,0.026759109704001072,0.028503562945368172,51,421,0,0,0,0
20,0006_s007_v5_014.jpg,6,5,7,True,12,1051,0.023291410229775624,0.02097902097902098,93,572,0,0,0,0
21,0006_s007_v6_015.jpg,6,6,7,True,12,1051,0.03215144383937784,0.02696629213483146,52,445,0,0,0,0
22,0006_s027_v1_002.jpg,6,1,27,True,10,1049,0.01845827407138257,0.02610966057441253,105,383,0,0,0,0
23,0006_s027_v2_003.jpg,6,2,27,True,10,1049,0.020491755044939067,0.015037593984962405,98,665,0,0,0,0
24,0006_s027_v3_004.jpg,6,3,27,True,10,1049,0.021517432059762677,0.01841620626151013,80,543,0,0,0,0
25,0006_s027_v4_005.jpg,6,4,27,True,10,1049,0.022588836203795377,0.01589825119236884,37,629,0,0,0,0
26,0006_s027_v5_006.jpg,6,5,27,True,10,1049,0.014253548395563188,0.01455604075691412,79,687,0,0,0,0
27,0006_s027_v7_007.jpg,6,7,27,True,10,1049,0.017887100498110358,0.02336448598130841,45,428,0,0,0,0
28,0006_s028_v2_008.jpg,6,2,28,True,12,1051,0.055070116508255905,0.03669724770642202,50,327,0,0,0,0
29,0006_s028_v3_009.jpg,6,3,28,True,12,1051,0.06832763281540247,0.05741626794258373,21,209,0,0,0,0
30,0006_s028_v4_010.jpg,6,4,28,True,12,1051,0.027276146114473262,0.02608695652173913,71,460,0,0,0,0
31,0006_s028_v5_011.jpg,6,5,28,True,12,1051,0.059349980108937904,0.05263157894736842,27,228,0,0,0,0
32,0008_s002_v0_000.jpg,8,0,2,True,12,1052,0.13183748705046033,0.022727272727272728,1,528,1,1,1,1
33,0008_s002_v3_001.jpg,8,3,2,True,12,1052,0.08180912149828543,0.07317073170731707,16,164,0,0,0,1
34,0008_s002_v5_002.jpg,8,5,2,True,12,1052,0.03997675554894548,0.03761755485893417,35,319,0,0,0,0
35,0008_s005_v3_013.jpg,8,3,5,True,13,1053,0.032664669325897344,0.022336769759450172,64,582,0,0,0,0
36,0008_s005_v5_014.jpg,8,5,5,True,13,1053,0.0153934336539292,0.013,32,1000,0,0,0,0
37,0008_s018_v4_003.jpg,8,4,18,True,13,1053,0.03484728320301351,0.03513513513513514,51,370,0,0,0,0
38,0008_s018_v5_004.jpg,8,5,18,True,13,1053,0.019592065486544664,0.01897810218978102,35,685,0,0,0,0
39,0008_s025_v0_005.jpg,8,0,25,True,7,1047,0.011704684511219131,0.008036739380022962,31,871,0,0,0,0
40,0008_s025_v1_006.jpg,8,1,25,True,7,1047,0.007992196159118023,0.007049345417925478,167,993,0,0,0,0
41,0008_s025_v2_007.jpg,8,2,25,True,7,1047,0.007428305974321205,0.009668508287292817,253,724,0,0,0,0
42,0008_s025_v3_008.jpg,8,3,25,True,7,1047,0.013298929396543285,0.011705685618729096,86,598,0,0,0,0
43,0008_s025_v4_009.jpg,8,4,25,True,7,1047,0.027525156071238788,0.012844036697247707,34,545,0,0,0,0
44,0008_s025_v5_010.jpg,8,5,25,True,7,1047,0.031096201687460634,0.01303538175046555,11,537,0,0,0,1
45,0008_s025_v6_011.jpg,8,6,25,True,7,1047,0.005822746277407964,0.007209062821833162,188,971,0,0,0,0
46,0008_s025_v7_012.jpg,8,7,25,True,7,1047,0.013153878824427648,0.009510869565217392,77,736,0,0,0,0
47,0010_s002_v1_000.jpg,10,1,2,True,3,1052,0.010190692443700836,0.009404388714733543,121,319,0,0,0,0
48,0010_s002_v4_001.jpg,10,4,2,True,3,1052,0.012891556992226584,0.01639344262295082,122,183,0,0,0,0
49,0010_s002_v7_002.jpg,10,7,2,True,3,1052,0.025610131819282147,0.029411764705882353,44,102,0,0,0,0
50,0010_s011_v4_003.jpg,10,4,11,True,3,1052,0.009090762773885028,0.01098901098901099,146,273,0,0,0,0
51,0010_s011_v6_004.jpg,10,6,11,True,3,1052,0.008660511366502685,0.012195121951219513,187,246,0,0,0,0
52,0010_s011_v7_005.jpg,10,7,11,True,3,1052,0.00725319573871037,0.008823529411764706,211,340,0,0,0,0
53,0012_s002_v4_000.jpg,12,4,2,True,2,1053,0.005274983535853101,0.006688963210702341,259,299,0,0,0,0
54,0012_s002_v7_001.jpg,12,7,2,True,2,1053,0.22916666666666666,0.125,3,16,0,1,1,1
55,0012_s003_v0_002.jpg,12,0,3,True,2,1053,0.00419365340461259,0.004866180048661801,284,411,0,0,0,0
56,0012_s003_v1_003.jpg,12,1,3,True,2,1053,0.006972354159054926,0.004140786749482402,102,483,0,0,0,0
57,0014_s002_v1_000.jpg,14,1,2,True,6,1053,0.029402434037520308,0.022988505747126436,39,261,0,0,0,0
58,0014_s002_v3_001.jpg,14,3,2,True,6,1053,0.06478647642161194,0.027649769585253458,6,217,0,0,1,1
59,0014_s005_v3_007.jpg,14,3,5,True,7,1054,0.044226064456577154,0.030837004405286344,28,227,0,0,0,0
60,0014_s020_v0_002.jpg,14,0,20,True,3,1050,0.01589763964507162,0.014492753623188406,61,207,0,0,0,0
61,0014_s020_v1_003.jpg,14,1,20,True,3,1050,0.05232758620689656,0.06,29,50,0,0,0,0
62,0014_s020_v2_004.jpg,14,2,20,True,3,1050,0.46428571428571425,0.10714285714285714,1,28,1,1,1,1
63,0014_s020_v3_005.jpg,14,3,20,True,3,1050,0.4330601092896175,0.04918032786885246,1,61,1,1,1,1
64,0014_s020_v4_006.jpg,14,4,20,True,3,1050,0.07073302248866051,0.01327433628318584,6,226,0,0,1,1
65,0016_s002_v0_000.jpg,16,0,2,True,5,1052,0.017932922034011877,0.01968503937007874,80,254,0,0,0,0
66,0016_s002_v3_001.jpg,16,3,2,True,5,1052,0.018005010113685986,0.019455252918287938,84,257,0,0,0,0
67,0016_s002_v5_002.jpg,16,5,2,True,5,1052,0.020332754079568173,0.026041666666666668,76,192,0,0,0,0
68,0016_s003_v0_003.jpg,16,0,3,True,6,1053,0.08697227537060519,0.03508771929824561,9,171,0,0,1,1
69,0016_s003_v3_004.jpg,16,3,3,True,6,1053,0.23193846019932973,0.16216216216216217,3,37,0,1,1,1
70,0016_s004_v1_005.jpg,16,1,4,True,5,1052,0.23865546218487393,0.09803921568627451,5,51,0,1,1,1
71,0016_s004_v3_006.jpg,16,3,4,True,5,1052,0.6101045296167247,0.12195121951219512,1,41,1,1,1,1
72,0016_s004_v5_007.jpg,16,5,4,True,5,1052,0.11638420403126284,0.07352941176470588,12,68,0,0,0,1
73,0020_s003_v4_000.jpg,20,4,3,True,28,1052,0.22034336433633253,0.06896551724137931,1,406,1,1,1,1
74,0020_s003_v5_001.jpg,20,5,3,True,28,1052,0.492060933016703,0.19718309859154928,1,142,1,1,1,1
75,0020_s003_v7_002.jpg,20,7,3,True,28,1052,0.155470996882865,0.05668016194331984,1,494,1,1,1,1
76,0020_s025_v0_003.jpg,20,0,25,True,26,1050,0.26102172893129566,0.07807807807807808,1,333,1,1,1,1
77,0020_s025_v3_004.jpg,20,3,25,True,26,1050,0.5112397244900481,0.08150470219435736,1,319,1,1,1,1
78,0020_s025_v4_005.jpg,20,4,25,True,26,1050,0.8025912058192775,0.3333333333333333,1,78,1,1,1,1
79,0020_s025_v5_006.jpg,20,5,25,True,26,1050,0.46937692704003803,0.09923664122137404,1,262,1,1,1,1
80,0020_s025_v6_007.jpg,20,6,25,True,26,1050,0.08219539701631327,0.05752212389380531,5,452,0,1,1,1
81,0020_s026_v0_008.jpg,20,0,26,True,24,1048,0.4152182388394301,0.11009174311926606,1,218,1,1,1,1
82,0020_s026_v1_009.jpg,20,1,26,True,24,1048,0.7436981763349152,0.35294117647058826,1,68,1,1,1,1
83,0020_s026_v2_010.jpg,20,2,26,True,24,1048,0.2135733510734006,0.08602150537634409,3,279,0,1,1,1
84,0020_s026_v3_011.jpg,20,3,26,True,24,1048,0.35989663037738767,0.12903225806451613,2,186,0,1,1,1
85,0020_s026_v4_012.jpg,20,4,26,True,24,1048,0.4799572204772189,0.1340782122905028,2,179,0,1,1,1
86,0020_s026_v5_013.jpg,20,5,26,True,24,1048,0.3704627425732927,0.1411764705882353,1,170,1,1,1,1
87,0020_s026_v7_014.jpg,20,7,26,True,24,1048,0.6971060694926896,0.26666666666666666,1,90,1,1,1,1
88,0020_s027_v0_015.jpg,20,0,27,True,24,1048,0.883564449153063,0.6153846153846154,1,39,1,1,1,1
89,0020_s027_v1_016.jpg,20,1,27,True,24,1048,0.848271453259244,0.2891566265060241,1,83,1,1,1,1
90,0020_s027_v3_017.jpg,20,3,27,True,24,1048,0.5874447838966373,0.08080808080808081,1,297,1,1,1,1
91,0020_s027_v4_018.jpg,20,4,27,True,24,1048,0.477280943904272,0.1016949152542373,1,236,1,1,1,1
92,0020_s027_v5_019.jpg,20,5,27,True,24,1048,0.18016832296855445,0.035555555555555556,1,675,1,1,1,1
93,0020_s027_v6_020.jpg,20,6,27,True,24,1048,0.6185623638058338,0.24489795918367346,1,98,1,1,1,1
94,0020_s027_v7_021.jpg,20,7,27,True,24,1048,0.7958632423800324,0.24742268041237114,1,97,1,1,1,1
95,0020_s028_v0_022.jpg,20,0,28,True,27,1051,0.4325038959465409,0.21774193548387097,1,124,1,1,1,1
96,0020_s028_v1_023.jpg,20,1,28,True,27,1051,0.09984698391604009,0.05454545454545454,19,495,0,0,0,1
97,0020_s028_v3_024.jpg,20,3,28,True,27,1051,0.5490567161958411,0.05844155844155844,1,462,1,1,1,1
98,0020_s028_v5_025.jpg,20,5,28,True,27,1051,0.5021869066218945,0.15428571428571428,1,175,1,1,1,1
99,0020_s030_v1_026.jpg,20,1,30,True,26,1050,0.5585005379349302,0.2524271844660194,1,103,1,1,1,1
100,0020_s030_v4_027.jpg,20,4,30,True,26,1050,0.4883602897552042,0.13756613756613756,1,189,1,1,1,1
101,0020_s030_v5_028.jpg,20,5,30,True,26,1050,0.17868121907434226,0.043993231810490696,7,591,0,0,1,1
102,0020_s030_v6_029.jpg,20,6,30,True,26,1050,0.3308854652172224,0.15757575757575756,1,165,1,1,1,1
103,0020_s030_v7_030.jpg,20,7,30,True,26,1050,0.4069045258108518,0.05639913232104121,1,461,1,1,1,1
104,0022_s003_v3_007.jpg,22,3,3,True,7,1053,0.018347643326987552,0.01694915254237288,48,413,0,0,0,0
105,0022_s003_v5_008.jpg,22,5,3,True,7,1053,0.03599282628536547,0.020348837209302327,14,344,0,0,0,1
106,0022_s012_v4_000.jpg,22,4,12,True,7,1053,0.11494392457713863,0.07216494845360824,4,97,0,1,1,1
107,0022_s012_v7_001.jpg,22,7,12,True,7,1053,0.1358752504882113,0.035175879396984924,5,199,0,1,1,1
108,0022_s019_v0_002.jpg,22,0,19,True,4,1050,0.1356358434846807,0.046511627906976744,6,86,0,0,1,1
109,0022_s019_v3_003.jpg,22,3,19,True,4,1050,0.015671371112547582,0.00980392156862745,63,408,0,0,0,0
110,0022_s019_v4_004.jpg,22,4,19,True,4,1050,0.015152888278798744,0.008247422680412371,46,485,0,0,0,0
111,0022_s019_v5_005.jpg,22,5,19,True,4,1050,0.049291224203566415,0.03225806451612903,23,124,0,0,0,0
112,0022_s019_v7_006.jpg,22,7,19,True,4,1050,0.029361769306932562,0.010075566750629723,23,397,0,0,0,0
113,0024_s000_v0_026.jpg,24,0,0,True,26,1047,0.09745866002337275,0.04710144927536232,7,552,0,0,1,1
114,0024_s000_v1_030.jpg,24,1,0,True,26,1047,0.08596002048185156,0.057777777777777775,34,450,0,0,0,0
115,0024_s000_v2_028.jpg,24,2,0,True,26,1047,0.19703237415038205,0.09774436090225563,2,266,0,1,1,1
116,0024_s000_v3_031.jpg,24,3,0,True,26,1047,0.13929287370760254,0.07536231884057971,3,345,0,1,1,1
117,0024_s000_v4_027.jpg,24,4,0,True,26,1047,0.18390862658242704,0.05,3,520,0,1,1,1
118,0024_s000_v5_032.jpg,24,5,0,True,26,1047,0.1836087089659787,0.10655737704918032,2,244,0,1,1,1
119,0024_s000_v6_029.jpg,24,6,0,True,26,1047,0.17308710182779036,0.07428571428571429,3,350,0,1,1,1
120,0024_s000_v7_033.jpg,24,7,0,True,26,1047,0.11742695742050249,0.06372549019607843,3,408,0,1,1,1
121,0024_s003_v0_004.jpg,24,0,3,True,31,1052,0.4524332918602857,0.0981012658227848,2,316,0,1,1,1
122,0024_s003_v5_005.jpg,24,5,3,True,31,1052,0.3550169567070069,0.07110091743119266,2,436,0,1,1,1
123,0024_s003_v6_006.jpg,24,6,3,True,31,1052,0.2137099575910493,0.05615942028985507,2,552,0,1,1,1
124,0024_s012_v0_000.jpg,24,0,12,True,30,1051,0.1937862760903358,0.06896551724137931,2,435,0,1,1,1
125,0024_s012_v3_001.jpg,24,3,12,True,30,1051,0.2052714445201958,0.06818181818181818,4,440,0,1,1,1
126,0024_s012_v5_002.jpg,24,5,12,True,30,1051,0.33221680859300673,0.16304347826086957,2,184,0,1,1,1
127,0024_s012_v7_003.jpg,24,7,12,True,30,1051,0.24792334209607353,0.12605042016806722,4,238,0,1,1,1
128,0024_s025_v0_007.jpg,24,0,25,True,27,1048,0.25359922085396774,0.05065666041275797,2,533,0,1,1,1
129,0024_s025_v1_008.jpg,24,1,25,True,27,1048,0.4410177982184775,0.13366336633663367,1,202,1,1,1,1
130,0024_s025_v2_009.jpg,24,2,25,True,27,1048,0.3589786396472067,0.0989010989010989,1,273,1,1,1,1
131,0024_s025_v3_010.jpg,24,3,25,True,27,1048,0.3138886986804693,0.1062992125984252,1,254,1,1,1,1
132,0024_s025_v4_011.jpg,24,4,25,True,27,1048,0.3198996292105505,0.19708029197080293,2,137,0,1,1,1
133,0024_s025_v5_012.jpg,24,5,25,True,27,1048,0.05944043981628147,0.052734375,34,512,0,0,0,0
134,0024_s025_v7_013.jpg,24,7,25,True,27,1048,0.45381398257139804,0.3,2,90,0,1,1,1
135,0024_s028_v0_014.jpg,24,0,28,True,26,1047,0.33798307973877656,0.0783132530120482,2,332,0,1,1,1
136,0024_s028_v1_015.jpg,24,1,28,True,26,1047,0.44045287886519263,0.10970464135021098,2,237,0,1,1,1
137,0024_s028_v2_016.jpg,24,2,28,True,26,1047,0.13765359158547585,0.0931899641577061,13,279,0,0,0,1
138,0024_s028_v3_017.jpg,24,3,28,True,26,1047,0.1680023758465761,0.06175771971496437,5,421,0,1,1,1
139,0024_s028_v4_018.jpg,24,4,28,True,26,1047,0.1523162031904778,0.11711711711711711,10,222,0,0,1,1
140,0024_s028_v5_019.jpg,24,5,28,True,26,1047,0.07033514970856107,0.05327868852459016,21,488,0,0,0,0
141,0024_s028_v6_020.jpg,24,6,28,True,26,1047,0.11059291287101877,0.08387096774193549,19,310,0,0,0,1
142,0024_s028_v7_021.jpg,24,7,28,True,26,1047,0.4719149642329973,0.13471502590673576,1,193,1,1,1,1
143,0024_s029_v1_022.jpg,24,1,29,True,30,1051,0.22789800917535558,0.0970873786407767,2,309,0,1,1,1
144,0024_s029_v2_023.jpg,24,2,29,True,30,1051,0.4228709700658823,0.189873417721519,1,158,1,1,1,1
145,0024_s029_v3_024.jpg,24,3,29,True,30,1051,0.13479005941606245,0.11538461538461539,16,260,0,0,0,1
146,0024_s029_v7_025.jpg,24,7,29,True,30,1051,0.14699035682414305,0.1,10,300,0,0,1,1
147,0026_s002_v2_000.jpg,26,2,2,True,22,1053,0.08269997249382265,0.04899777282850779,14,449,0,0,0,1
148,0026_s002_v4_001.jpg,26,4,2,True,22,1053,0.018683488671168712,0.0273972602739726,173,803,0,0,0,0
149,0026_s003_v1_007.jpg,26,1,3,True,21,1052,0.037266548168009644,0.03186646433990895,53,659,0,0,0,0
150,0026_s003_v3_008.jpg,26,3,3,True,21,1052,0.0232927033675877,0.022316684378320937,89,941,0,0,0,0
151,0026_s003_v5_009.jpg,26,5,3,True,21,1052,0.028676239688654483,0.028150134048257374,147,746,0,0,0,0
152,0026_s005_v1_022.jpg,26,1,5,True,22,1053,0.09157905095564138,0.035483870967741936,9,620,0,0,1,1
153,0026_s005_v3_023.jpg,26,3,5,True,22,1053,0.033841232030685606,0.03642384105960265,88,604,0,0,0,0
154,0026_s014_v1_002.jpg,26,1,14,True,22,1053,0.07228432280491474,0.036065573770491806,13,610,0,0,0,1
155,0026_s014_v4_003.jpg,26,4,14,True,22,1053,0.02124010390043744,0.02564102564102564,211,858,0,0,0,0
156,0026_s020_v4_004.jpg,26,4,20,True,21,1052,0.05365114490091921,0.033816425120772944,48,621,0,0,0,0
157,0026_s020_v5_005.jpg,26,5,20,True,21,1052,0.06463615575188449,0.03482587064676617,25,603,0,0,0,0
158,0026_s020_v7_006.jpg,26,7,20,True,21,1052,0.10546340282243345,0.059490084985835696,23,353,0,0,0,0
159,0026_s025_v0_010.jpg,26,0,25,True,18,1049,0.017672937498750027,0.021101992966002344,69,853,0,0,0,0
160,0026_s025_v1_011.jpg,26,1,25,True,18,1049,0.04935149605329317,0.03495145631067961,10,515,0,0,1,1
161,0026_s025_v4_012.jpg,26,4,25,True,18,1049,0.0396733331248609,0.036,19,500,0,0,0,1
162,0026_s025_v5_013.jpg,26,5,25,True,18,1049,0.030112851240013925,0.027692307692307693,116,650,0,0,0,0
163,0026_s025_v6_014.jpg,26,6,25,True,18,1049,0.11858911291383374,0.03765690376569038,6,478,0,0,1,1
164,0026_s025_v7_015.jpg,26,7,25,True,18,1049,0.09663226398273767,0.03773584905660377,5,477,0,1,1,1
165,0026_s027_v1_016.jpg,26,1,27,True,18,1049,0.02986917945585323,0.030874785591766724,71,583,0,0,0,0
166,0026_s027_v3_017.jpg,26,3,27,True,18,1049,0.017710158846263927,0.02142857142857143,64,840,0,0,0,0
167,0026_s027_v4_018.jpg,26,4,27,True,18,1049,0.02216245313646067,0.019629225736095966,34,917,0,0,0,0
168,0026_s027_v5_019.jpg,26,5,27,True,18,1049,0.12010149217094729,0.03821656050955414,3,471,0,1,1,1
169,0026_s027_v6_020.jpg,26,6,27,True,18,1049,0.12999871273128955,0.04072398190045249,2,442,0,1,1,1
170,0026_s027_v7_021.jpg,26,7,27,True,18,1049,0.10874265330001075,0.05027932960893855,1,358,1,1,1,1
171,0030_s004_v5_002.jpg,30,5,4,True,4,1053,0.0816111060044326,0.09302325581395349,18,43,0,0,0,1
172,0030_s004_v7_003.jpg,30,7,4,True,4,1053,0.24978632478632476,0.08888888888888889,2,45,0,1,1,1
173,0030_s005_v5_004.jpg,30,5,5,True,4,1053,0.3336568322981366,0.17391304347826086,2,23,0,1,1,1
174,0030_s005_v7_005.jpg,30,7,5,True,4,1053,0.19111875637104994,0.03669724770642202,2,109,0,1,1,1
175,0030_s018_v0_000.jpg,30,0,18,True,4,1053,0.3639766201804758,0.07547169811320754,1,53,1,1,1,1
176,0030_s018_v3_001.jpg,30,3,18,True,4,1053,0.36659356725146197,0.10526315789473684,1,38,1,1,1,1
177,0034_s004_v1_006.jpg,34,1,4,True,11,1053,0.29391733470266196,0.07096774193548387,1,155,1,1,1,1
178,0034_s004_v3_007.jpg,34,3,4,True,11,1053,0.3388294970104753,0.13924050632911392,1,79,1,1,1,1
179,0034_s005_v1_008.jpg,34,1,5,True,10,1052,0.21958234787382716,0.11235955056179775,5,89,0,1,1,1
180,0034_s005_v3_009.jpg,34,3,5,True,10,1052,0.7244047459893048,0.14705882352941177,1,68,1,1,1,1
181,0034_s005_v7_010.jpg,34,7,5,True,10,1052,0.20388607809571746,0.039525691699604744,2,253,0,1,1,1
182,0034_s009_v1_011.jpg,34,1,9,True,11,1053,0.7308656126837945,0.2972972972972973,1,37,1,1,1,1
183,0034_s009_v3_012.jpg,34,3,9,True,11,1053,0.8184487449309583,0.4782608695652174,1,23,1,1,1,1
184,0034_s014_v1_000.jpg,34,1,14,True,10,1052,0.10157339345649108,0.04878048780487805,4,205,0,1,1,1
185,0034_s014_v3_001.jpg,34,3,14,True,10,1052,0.22184823418770666,0.04950495049504951,1,202,1,1,1,1
186,0034_s014_v4_002.jpg,34,4,14,True,10,1052,0.09064733520799552,0.04739336492890995,7,211,0,0,1,1
187,0034_s018_v1_003.jpg,34,1,18,True,10,1052,0.3289523784017979,0.030211480362537766,1,331,1,1,1,1
188,0034_s018_v3_004.jpg,34,3,18,True,10,1052,0.1311528389023799,0.059880239520958084,9,167,0,0,1,1
189,0034_s018_v5_005.jpg,34,5,18,True,10,1052,0.5074855826670343,0.25,1,40,1,1,1,1
190,0036_s000_v0_011.jpg,36,0,0,True,11,1048,0.010663402496662628,0.011470281543274244,107,959,0,0,0,0
191,0036_s000_v1_015.jpg,36,1,0,True,11,1048,0.009219290222932422,0.011506276150627616,150,956,0,0,0,0
192,0036_s000_v2_013.jpg,36,2,0,True,11,1048,0.010306502890074632,0.01120162932790224,109,982,0,0,0,0
193,0036_s000_v3_016.jpg,36,3,0,True,11,1048,0.010053886796621102,0.011482254697286013,116,958,0,0,0,0
194,0036_s000_v4_012.jpg,36,4,0,True,11,1048,0.010132847264247074,0.01132852729145211,118,971,0,0,0,0
195,0036_s000_v5_017.jpg,36,5,0,True,11,1048,0.013622215937385634,0.012087912087912088,66,910,0,0,0,0
196,0036_s000_v6_014.jpg,36,6,0,True,11,1048,0.009496176534827894,0.011615628299894404,167,947,0,0,0,0
197,0036_s004_v1_003.jpg,36,1,4,True,16,1053,0.09236343943700315,0.0256,7,625,0,0,1,1
198,0036_s004_v3_004.jpg,36,3,4,True,16,1053,0.12285497406084014,0.026755852842809364,6,598,0,0,1,1
199,0036_s007_v6_005.jpg,36,6,7,True,17,1054,0.15798181228570923,0.016346153846153847,1,1040,1,1,1,1
200,0036_s008_v1_006.jpg,36,1,8,True,16,1053,0.22169800678345342,0.037037037037037035,1,432,1,1,1,1
201,0036_s008_v7_007.jpg,36,7,8,True,16,1053,0.21114261624372294,0.07239819004524888,5,221,0,1,1,1
202,0036_s009_v1_008.jpg,36,1,9,True,15,1052,0.08208488202956826,0.015511892450879007,7,967,0,0,1,1
203,0036_s009_v4_009.jpg,36,4,9,True,15,1052,0.049392937408992525,0.019815059445178335,12,757,0,0,0,1
204,0036_s009_v7_010.jpg,36,7,9,True,15,1052,0.08543066632849208,0.015544041450777202,6,965,0,0,1,1
205,0036_s012_v1_000.jpg,36,1,12,True,15,1052,0.13647016629721742,0.014423076923076924,1,1040,1,1,1,1
206,0036_s012_v4_001.jpg,36,4,12,True,15,1052,0.025756283480695533,0.015353121801432957,7,977,0,0,1,1
207,0036_s012_v7_002.jpg,36,7,12,True,15,1052,0.24330340412945636,0.01466275659824047,1,1023,1,1,1,1
208,0045_s005_v1_000.jpg,45,1,5,True,3,1052,0.020707876370887338,0.012711864406779662,34,236,0,0,0,0
209,0045_s005_v3_001.jpg,45,3,5,True,3,1052,0.015609479211011778,0.017241379310344827,81,174,0,0,0,0
210,0045_s005_v7_002.jpg,45,7,5,True,3,1052,0.02573159332758125,0.013157894736842105,32,228,0,0,0,0
211,0045_s009_v1_003.jpg,45,1,9,True,3,1052,0.09070867404200737,0.10714285714285714,11,28,0,0,0,1
212,0045_s009_v3_004.jpg,45,3,9,True,3,1052,0.25656565656565655,0.13636363636363635,2,22,0,1,1,1
213,0045_s009_v5_005.jpg,45,5,9,True,3,1052,0.20959595959595956,0.045454545454545456,3,66,0,1,1,1
214,0047_s005_v1_003.jpg,47,1,5,True,6,1053,0.014847740374041095,0.010714285714285714,92,560,0,0,0,0
215,0047_s005_v2_004.jpg,47,2,5,True,6,1053,0.01957580060171328,0.015384615384615385,82,390,0,0,0,0
216,0047_s009_v1_005.jpg,47,1,9,True,5,1052,0.012396770632195535,0.013404825737265416,176,373,0,0,0,0
217,0047_s009_v4_006.jpg,47,4,9,True,5,1052,0.020656913142250388,0.021367521367521368,48,234,0,0,0,0
218,0047_s009_v7_007.jpg,47,7,9,True,5,1052,0.009767569047579892,0.010141987829614604,243,493,0,0,0,0
219,0047_s018_v0_000.jpg,47,0,18,True,5,1052,0.010313131247513346,0.014792899408284023,125,338,0,0,0,0
220,0047_s018_v1_001.jpg,47,1,18,True,5,1052,0.01247357739619236,0.014204545454545454,62,352,0,0,0,0
221,0047_s018_v7_002.jpg,47,7,18,True,5,1052,0.020086702363779258,0.024271844660194174,42,206,0,0,0,0
222,0059_s007_v2_015.jpg,59,2,7,True,18,1053,0.5964889888144794,0.0694980694980695,1,259,1,1,1,1
223,0059_s007_v7_016.jpg,59,7,7,True,18,1053,0.4187428662686885,0.08333333333333333,1,216,1,1,1,1
224,0059_s011_v1_017.jpg,59,1,11,True,17,1052,0.540019089398447,0.14782608695652175,1,115,1,1,1,1
225,0059_s011_v5_018.jpg,59,5,11,True,17,1052,0.15695070893620522,0.032196969696969696,7,528,0,0,1,1
226,0059_s011_v7_019.jpg,59,7,11,True,17,1052,0.4175812312444613,0.09289617486338798,1,183,1,1,1,1
227,0059_s015_v1_000.jpg,59,1,15,True,17,1052,0.6560021485935176,0.20238095238095238,1,84,1,1,1,1
228,0059_s015_v2_001.jpg,59,2,15,True,17,1052,0.5022120681941773,0.05448717948717949,1,312,1,1,1,1
229,0059_s015_v6_002.jpg,59,6,15,True,17,1052,0.29467532862028983,0.02364394993045897,1,719,1,1,1,1
230,0059_s016_v0_003.jpg,59,0,16,True,18,1053,0.13708551344774672,0.04,7,450,0,0,1,1
231,0059_s016_v7_004.jpg,59,7,16,True,18,1053,0.42195816626813043,0.1487603305785124,1,121,1,1,1,1
232,0059_s021_v1_005.jpg,59,1,21,True,16,1051,0.09438642037748432,0.043478260869565216,12,368,0,0,0,1
233,0059_s021_v2_006.jpg,59,2,21,True,16,1051,0.49952322298284413,0.16666666666666666,1,96,1,1,1,1
234,0059_s021_v3_007.jpg,59,3,21,True,16,1051,0.055016552883135415,0.022191400832177532,4,721,0,1,1,1
235,0059_s021_v7_008.jpg,59,7,21,True,16,1051,0.4307543196420496,0.061068702290076333,1,262,1,1,1,1
236,0059_s028_v0_009.jpg,59,0,28,True,14,1049,0.12912587159514727,0.029535864978902954,7,474,0,0,1,1
237,0059_s028_v1_010.jpg,59,1,28,True,14,1049,0.3381100368977171,0.08333333333333333,1,168,1,1,1,1
238,0059_s028_v2_011.jpg,59,2,28,True,14,1049,0.281342683020323,0.028985507246376812,1,483,1,1,1,1
239,0059_s028_v5_012.jpg,59,5,28,True,14,1049,0.4326727368494013,0.04501607717041801,2,311,0,1,1,1
240,0059_s028_v6_013.jpg,59,6,28,True,14,1049,0.43116658367796984,0.09032258064516129,1,155,1,1,1,1
241,0059_s028_v7_014.jpg,59,7,28,True,14,1049,0.4440806322953918,0.06796116504854369,1,206,1,1,1,1
242,0063_s007_v0_007.jpg,63,0,7,True,7,1052,0.01717228012316458,0.012455516014234875,51,562,0,0,0,0
243,0063_s007_v2_008.jpg,63,2,7,True,7,1052,0.016704539081411434,0.017114914425427872,96,409,0,0,0,0
244,0063_s007_v3_009.jpg,63,3,7,True,7,1052,0.0173554204682936,0.015873015873015872,81,441,0,0,0,0
245,0063_s025_v0_000.jpg,63,0,25,True,3,1048,0.05079167846995098,0.007957559681697613,8,377,0,0,1,1
246,0063_s025_v1_001.jpg,63,1,25,True,3,1048,0.011119735097942313,0.005758157389635317,64,521,0,0,0,0
247,0063_s025_v3_002.jpg,63,3,25,True,3,1048,0.007061135539564483,0.008310249307479225,142,361,0,0,0,0
248,0063_s025_v4_003.jpg,63,4,25,True,3,1048,0.03152740341419586,0.018867924528301886,25,159,0,0,0,0
249,0063_s025_v5_004.jpg,63,5,25,True,3,1048,0.005801853402134345,0.006818181818181818,258,440,0,0,0,0
250,0063_s025_v6_005.jpg,63,6,25,True,3,1048,0.005511738049905989,0.0057251908396946565,195,524,0,0,0,0
251,0063_s025_v7_006.jpg,63,7,25,True,3,1048,0.031627659544838,0.007194244604316547,14,417,0,0,0,1
252,0069_s008_v2_003.jpg,69,2,8,True,3,1052,0.0072345019959368885,0.0084985835694051,175,353,0,0,0,0
253,0069_s008_v4_004.jpg,69,4,8,True,3,1052,0.0020973891168022504,0.002938295788442703,865,1021,0,0,0,0
254,0069_s008_v7_005.jpg,69,7,8,True,3,1052,0.0027503268767358744,0.003605769230769231,596,832,0,0,0,0
255,0069_s012_v1_000.jpg,69,1,12,True,3,1052,0.00616082212038219,0.0045385779122541605,129,661,0,0,0,0
256,0069_s012_v5_001.jpg,69,5,12,True,3,1052,0.003459135866736075,0.00331858407079646,225,904,0,0,0,0
257,0069_s012_v7_002.jpg,69,7,12,True,3,1052,0.018388561579701857,0.0029644268774703555,30,1012,0,0,0,0
258,0075_s009_v3_016.jpg,75,3,9,True,16,1052,0.10895890700143453,0.028622540250447227,1,559,1,1,1,1
259,0075_s009_v5_017.jpg,75,5,9,True,16,1052,0.26484541205349765,0.024279210925644917,1,659,1,1,1,1
260,0075_s009_v7_018.jpg,75,7,9,True,16,1052,0.10484977202694427,0.033542976939203356,1,477,1,1,1,1
261,0075_s012_v1_000.jpg,75,1,12,True,16,1052,0.048037904071237966,0.028469750889679714,24,562,0,0,0,0
262,0075_s012_v3_001.jpg,75,3,12,True,16,1052,0.08156636848934164,0.018327605956471937,27,873,0,0,0,0
263,0075_s012_v4_002.jpg,75,4,12,True,16,1052,0.048085231044001545,0.01805869074492099,27,886,0,0,0,0
264,0075_s019_v0_003.jpg,75,0,19,True,16,1052,0.20118598268060972,0.0471976401179941,2,339,0,1,1,1
265,0075_s019_v3_004.jpg,75,3,19,True,16,1052,0.07747089795276366,0.024922118380062305,8,642,0,0,1,1
266,0075_s019_v5_005.jpg,75,5,19,True,16,1052,0.01504019553944485,0.016985138004246284,152,942,0,0,0,0
267,0075_s021_v1_006.jpg,75,1,21,True,15,1051,0.0932170339932152,0.02336448598130841,5,642,0,1,1,1
268,0075_s021_v5_007.jpg,75,5,21,True,15,1051,0.03726823078475615,0.02100840336134454,44,714,0,0,0,0
269,0075_s021_v6_008.jpg,75,6,21,True,15,1051,0.043070778277815344,0.01948051948051948,23,770,0,0,0,0
270,0075_s021_v7_009.jpg,75,7,21,True,15,1051,0.12400417145307499,0.02664298401420959,2,563,0,1,1,1
271,0075_s029_v0_010.jpg,75,0,29,True,13,1049,0.10939626151516656,0.022071307300509338,5,589,0,1,1,1
272,0075_s029_v1_011.jpg,75,1,29,True,13,1049,0.11488303077694759,0.021848739495798318,2,595,0,1,1,1
273,0075_s029_v2_012.jpg,75,2,29,True,13,1049,0.028849026587889817,0.020061728395061727,28,648,0,0,0,0
274,0075_s029_v3_013.jpg,75,3,29,True,13,1049,0.138454531987875,0.0208,4,625,0,1,1,1
275,0075_s029_v5_014.jpg,75,5,29,True,13,1049,0.1354981367783738,0.014942528735632184,1,870,1,1,1,1
276,0075_s029_v6_015.jpg,75,6,29,True,13,1049,0.029389350696321422,0.013078470824949699,7,994,0,0,1,1
277,0079_s010_v1_006.jpg,79,1,10,True,6,1053,0.41944765145743257,0.02702702702702703,1,222,1,1,1,1
278,0079_s010_v3_007.jpg,79,3,10,True,6,1053,0.26407508262346974,0.047619047619047616,4,126,0,1,1,1
279,0079_s013_v1_000.jpg,79,1,13,True,6,1053,0.21102831292410315,0.019169329073482427,2,313,0,1,1,1
280,0079_s013_v3_001.jpg,79,3,13,True,6,1053,0.08688223228453112,0.012121212121212121,6,495,0,0,1,1
281,0079_s022_v1_002.jpg,79,1,22,True,4,1051,0.7430555555555556,0.2222222222222222,1,18,1,1,1,1
282,0079_s022_v3_003.jpg,79,3,22,True,4,1051,0.13537828325774753,0.015625,2,256,0,1,1,1
283,0079_s022_v4_004.jpg,79,4,22,True,4,1051,0.030458489658415383,0.017241379310344827,34,232,0,0,0,0
284,0079_s022_v5_005.jpg,79,5,22,True,4,1051,0.008053856291331287,0.009501187648456057,130,421,0,0,0,0
285,0088_s010_v1_007.jpg,88,1,10,True,7,1052,0.04786457630003943,0.05343511450381679,20,131,0,0,0,1
286,0088_s010_v3_008.jpg,88,3,10,True,7,1052,0.014703031918243098,0.00904392764857881,21,774,0,0,0,0
287,0088_s010_v7_009.jpg,88,7,10,True,7,1052,0.11537972609368832,0.012612612612612612,8,555,0,0,1,1
288,0088_s013_v2_000.jpg,88,2,13,True,7,1052,0.00919316812701822,0.008403361344537815,113,833,0,0,0,0
289,0088_s013_v4_001.jpg,88,4,13,True,7,1052,0.016793567340837694,0.014925373134328358,49,469,0,0,0,0
290,0088_s013_v7_002.jpg,88,7,13,True,7,1052,0.010916435560798412,0.009055627425614488,124,773,0,0,0,0
291,0088_s015_v1_003.jpg,88,1,15,True,8,1053,0.0415023593801993,0.019464720194647202,12,411,0,0,0,1
292,0088_s015_v7_004.jpg,88,7,15,True,8,1053,0.20116488633236537,0.043478260869565216,1,184,1,1,1,1
293,0088_s022_v1_005.jpg,88,1,22,True,8,1053,0.06250381294488683,0.021220159151193633,23,377,0,0,0,0
294,0088_s022_v7_006.jpg,88,7,22,True,8,1053,0.06318197551979515,0.041884816753926704,10,191,0,0,1,1
295,0090_s000_v0_003.jpg,90,0,0,True,3,1047,0.002192401097999987,0.003125,823,960,0,0,0,0
296,0090_s000_v1_007.jpg,90,1,0,True,3,1047,0.0031779819544890168,0.0038363171355498722,394,782,0,0,0,0
297,0090_s000_v2_005.jpg,90,2,0,True,3,1047,0.0027226198538712817,0.0035169988276670576,594,853,0,0,0,0
298,0090_s000_v3_008.jpg,90,3,0,True,3,1047,0.0025442142695585954,0.003579952267303103,716,838,0,0,0,0
299,0090_s000_v4_004.jpg,90,4,0,True,3,1047,0.0034819732053565,0.004739336492890996,501,633,0,0,0,0
300,0090_s000_v5_009.jpg,90,5,0,True,3,1047,0.004191376148447957,0.005870841487279843,407,511,0,0,0,0
301,0090_s000_v6_006.jpg,90,6,0,True,3,1047,0.0029604695368137418,0.0036275695284159614,430,827,0,0,0,0
302,0090_s000_v7_010.jpg,90,7,0,True,3,1047,0.0029207626217866143,0.0038119440914866584,425,787,0,0,0,0
303,0090_s010_v1_000.jpg,90,1,10,True,8,1052,0.04660073407865446,0.02416918429003021,8,331,0,0,1,1
304,0090_s010_v3_001.jpg,90,3,10,True,8,1052,0.006218141261146623,0.008928571428571428,435,896,0,0,0,0
305,0090_s010_v5_002.jpg,90,5,10,True,8,1052,0.012648902584151241,0.013745704467353952,125,582,0,0,0,0
306,0092_s010_v1_004.jpg,92,1,10,True,4,1052,0.12874203422148628,0.0182648401826484,5,219,0,1,1,1
307,0092_s010_v4_005.jpg,92,4,10,True,4,1052,0.009955820653315036,0.005405405405405406,77,740,0,0,0,0
308,0092_s010_v7_006.jpg,92,7,10,True,4,1052,0.0247188808696427,0.015503875968992248,29,258,0,0,0,0
309,0092_s022_v0_000.jpg,92,0,22,True,3,1051,0.12108703130374958,0.07894736842105263,6,38,0,0,1,1
310,0092_s022_v1_001.jpg,92,1,22,True,3,1051,0.18218954248366012,0.08823529411764706,3,34,0,1,1,1
311,0092_s022_v3_002.jpg,92,3,22,True,3,1051,0.08714470284237726,0.06976744186046512,15,43,0,0,0,1
312,0092_s022_v7_003.jpg,92,7,22,True,3,1051,0.07105402542372882,0.0046875,5,640,0,1,1,1
313,0094_s011_v0_020.jpg,94,0,11,True,20,1053,0.13540934915298425,0.029940119760479042,1,668,1,1,1,1
314,0094_s011_v3_021.jpg,94,3,11,True,20,1053,0.300683084409075,0.02178649237472767,1,918,1,1,1,1
315,0094_s013_v4_000.jpg,94,4,13,True,20,1053,0.1363878784532524,0.023781212841854936,1,841,1,1,1,1
316,0094_s013_v7_001.jpg,94,7,13,True,20,1053,0.2746987470018679,0.024330900243309004,1,822,1,1,1,1
317,0094_s015_v4_002.jpg,94,4,15,True,20,1053,0.15849116886806572,0.02570694087403599,1,778,1,1,1,1
318,0094_s015_v7_003.jpg,94,7,15,True,20,1053,0.29366087009310016,0.025252525252525252,1,792,1,1,1,1
319,0094_s016_v1_004.jpg,94,1,16,True,20,1053,0.13313382035329202,0.028011204481792718,1,714,1,1,1,1
320,0094_s016_v7_005.jpg,94,7,16,True,20,1053,0.06873092041023195,0.0364963503649635,14,548,0,0,0,1
321,0094_s023_v0_006.jpg,94,0,23,True,17,1050,0.0828174345792982,0.023415977961432508,7,726,0,0,1,1
322,0094_s023_v1_007.jpg,94,1,23,True,17,1050,0.17695876659771212,0.035940803382663845,1,473,1,1,1,1
323,0094_s023_v2_008.jpg,94,2,23,True,17,1050,0.030638117467121796,0.035269709543568464,66,482,0,0,0,0
324,0094_s023_v6_009.jpg,94,6,23,True,17,1050,0.0336642811457762,0.026604068857589983,35,639,0,0,0,0
325,0094_s023_v6_010.jpg,94,6,23,True,17,1050,0.026938646026402908,0.022546419098143235,45,754,0,0,0,0
326,0094_s024_v0_011.jpg,94,0,24,True,16,1049,0.028075275155493327,0.015732546705998034,31,1017,0,0,0,0
327,0094_s024_v1_012.jpg,94,1,24,True,16,1049,0.1719353830499512,0.016376663254861822,1,977,1,1,1,1
328,0094_s024_v3_013.jpg,94,3,24,True,16,1049,0.06229923019343035,0.015503875968992248,5,1032,0,1,1,1
329,0094_s024_v4_014.jpg,94,4,24,True,16,1049,0.015817938659962952,0.016546018614270942,186,967,0,0,0,0
330,0094_s024_v5_015.jpg,94,5,24,True,16,1049,0.022981596786633397,0.016511867905056758,56,969,0,0,0,0
331,0094_s024_v7_016.jpg,94,7,24,True,16,1049,0.16009699701691021,0.01639344262295082,1,976,1,1,1,1
332,0094_s028_v4_017.jpg,94,4,28,True,19,1052,0.08380115572962038,0.032423208191126277,15,586,0,0,0,1
333,0094_s028_v6_018.jpg,94,6,28,True,19,1052,0.15102921348181228,0.02006335797254488,1,947,1,1,1,1
334,0094_s028_v7_019.jpg,94,7,28,True,19,1052,0.34679368039384206,0.039832285115303984,1,477,1,1,1,1
335,0096_s011_v3_010.jpg,96,3,11,True,10,1052,0.03475092492961661,0.017793594306049824,15,562,0,0,0,1
336,0096_s011_v5_011.jpg,96,5,11,True,10,1052,0.11247398864810074,0.02197802197802198,2,455,0,1,1,1
337,0096_s011_v7_012.jpg,96,7,11,True,10,1052,0.026051130267272026,0.018018018018018018,31,555,0,0,0,0
338,0096_s015_v0_000.jpg,96,0,15,True,10,1052,0.12626300669137555,0.012468827930174564,1,802,1,1,1,1
339,0096_s015_v4_001.jpg,96,4,15,True,10,1052,0.019088511338446905,0.015128593040847202,24,661,0,0,0,0
340,0096_s015_v6_002.jpg,96,6,15,True,10,1052,0.028671216403695722,0.01488095238095238,10,672,0,0,1,1
341,0096_s022_v4_003.jpg,96,4,22,True,11,1053,0.022788334409589498,0.01544943820224719,45,712,0,0,0,0
342,0096_s022_v7_004.jpg,96,7,22,True,11,1053,0.2261929738895679,0.029649595687331536,1,371,1,1,1,1
343,0096_s024_v5_005.jpg,96,5,24,True,11,1053,0.025015858845139575,0.02301255230125523,21,478,0,0,0,0
344,0096_s024_v7_006.jpg,96,7,24,True,11,1053,0.03484410478409683,0.014705882352941176,8,748,0,0,1,1
345,0096_s028_v0_007.jpg,96,0,28,True,10,1052,0.1492767842132876,0.010752688172043012,1,930,1,1,1,1
346,0096_s028_v5_008.jpg,96,5,28,True,10,1052,0.0384565163753793,0.017513134851138354,31,571,0,0,0,0
347,0096_s028_v7_009.jpg,96,7,28,True,10,1052,0.28332063995877493,0.013736263736263736,1,728,1,1,1,1
348,0100_s011_v1_010.jpg,100,1,11,True,10,1053,0.16543659835783947,0.03115264797507788,2,321,0,1,1,1
349,0100_s011_v4_011.jpg,100,4,11,True,10,1053,0.021673923882347818,0.013175230566534914,21,759,0,0,0,0
350,0100_s017_v0_000.jpg,100,0,17,True,9,1052,0.025251525718435957,0.03125,73,288,0,0,0,0
351,0100_s017_v1_001.jpg,100,1,17,True,9,1052,0.18230363290504512,0.026785714285714284,1,336,1,1,1,1
352,0100_s017_v3_002.jpg,100,3,17,True,9,1052,0.21805899351742158,0.02425876010781671,1,371,1,1,1,1
353,0100_s025_v0_003.jpg,100,0,25,True,5,1048,0.021726170166237957,0.0076103500761035,35,657,0,0,0,0
354,0100_s025_v1_004.jpg,100,1,25,True,5,1048,0.06643474821293807,0.04310344827586207,13,116,0,0,0,1
355,0100_s025_v2_005.jpg,100,2,25,True,5,1048,0.0770339975455065,0.03571428571428571,12,140,0,0,0,1
356,0100_s025_v3_006.jpg,100,3,25,True,5,1048,0.030698787219034306,0.026595744680851064,31,188,0,0,0,0
357,0100_s025_v4_007.jpg,100,4,25,True,5,1048,0.2585962624945676,0.0211864406779661,3,236,0,1,1,1
358,0100_s025_v5_008.jpg,100,5,25,True,5,1048,0.005900841854227759,0.007132667617689016,304,701,0,0,0,0
359,0100_s025_v7_009.jpg,100,7,25,True,5,1048,0.013242606151399505,0.006944444444444444,91,720,0,0,0,0
360,0110_s011_v4_002.jpg,110,4,11,True,2,1052,0.532258064516129,0.06451612903225806,1,31,1,1,1,1
361,0110_s011_v6_003.jpg,110,6,11,True,2,1052,0.7,0.4,1,5,1,1,1,1
362,0110_s011_v7_004.jpg,110,7,11,True,2,1052,0.8333333333333333,0.6666666666666666,1,3,1,1,1,1
363,0110_s012_v0_000.jpg,110,0,12,True,3,1053,0.25740740740740736,0.3,4,10,0,1,1,1
364,0110_s012_v5_001.jpg,110,5,12,True,3,1053,0.44949494949494956,0.16666666666666666,1,18,1,1,1,1
365,0112_s012_v0_000.jpg,112,0,12,True,7,1053,0.05603162944105957,0.029411764705882353,9,238,0,0,1,1
366,0112_s012_v3_001.jpg,112,3,12,True,7,1053,0.3668991668085598,0.01928374655647383,1,363,1,1,1,1
367,0112_s018_v0_002.jpg,112,0,18,True,7,1053,0.024000275656890124,0.00980392156862745,9,714,0,0,1,1
368,0112_s018_v3_003.jpg,112,3,18,True,7,1053,0.19703028911095516,0.025925925925925925,1,270,1,1,1,1
369,0112_s025_v1_004.jpg,112,1,25,True,4,1050,0.022353887831612226,0.013157894736842105,25,304,0,0,0,0
370,0112_s025_v2_005.jpg,112,2,25,True,4,1050,0.022761478401713074,0.011627906976744186,21,344,0,0,0,0
371,0112_s025_v3_006.jpg,112,3,25,True,4,1050,0.029528946282749907,0.018604651162790697,31,215,0,0,0,0
372,0112_s025_v4_007.jpg,112,4,25,True,4,1050,0.007914000260891247,0.00796812749003984,147,502,0,0,0,0
373,0112_s025_v5_008.jpg,112,5,25,True,4,1050,0.013867781041586305,0.008492569002123142,67,471,0,0,0,0
374,0114_s012_v3_000.jpg,114,3,12,True,11,1053,0.06414690550508147,0.02619047619047619,7,420,0,0,1,1
375,0114_s012_v5_001.jpg,114,5,12,True,11,1053,0.10933855270318907,0.017432646592709985,2,631,0,1,1,1
376,0114_s016_v3_002.jpg,114,3,16,True,11,1053,0.10756654440055069,0.017241379310344827,3,638,0,1,1,1
377,0114_s016_v5_003.jpg,114,5,16,True,11,1053,0.028448406113626,0.011727078891257996,16,938,0,0,0,1
378,0114_s018_v0_004.jpg,114,0,18,True,9,1051,0.11739212962743949,0.016363636363636365,2,550,0,1,1,1
379,0114_s018_v1_005.jpg,114,1,18,True,9,1051,0.02755930343170047,0.01485148514851485,29,606,0,0,0,0
380,0114_s018_v2_006.jpg,114,2,18,True,9,1051,0.025885644664202727,0.019067796610169493,33,472,0,0,0,0
381,0114_s018_v6_007.jpg,114,6,18,True,9,1051,0.14882633333982082,0.017341040462427744,3,519,0,1,1,1
382,0114_s019_v0_008.jpg,114,0,19,True,8,1050,0.07885412623344636,0.02247191011235955,4,356,0,1,1,1
383,0114_s019_v1_009.jpg,114,1,19,True,8,1050,0.020310647562911212,0.011204481792717087,44,714,0,0,0,0
384,0114_s019_v2_010.jpg,114,2,19,True,8,1050,0.019844592748752533,0.011347517730496455,24,705,0,0,0,0
385,0114_s019_v4_011.jpg,114,4,19,True,8,1050,0.01053706296738478,0.012558869701726845,213,637,0,0,0,0
386,0114_s019_v6_012.jpg,114,6,19,True,8,1050,0.038233984875458496,0.037914691943127965,34,211,0,0,0,0
387,0116_s012_v0_000.jpg,116,0,12,True,4,1052,0.02227803954175905,0.00975609756097561,48,410,0,0,0,0
388,0116_s012_v4_001.jpg,116,4,12,True,4,1052,0.005059831177763021,0.004519774011299435,237,885,0,0,0,0
389,0116_s012_v6_002.jpg,116,6,12,True,4,1052,0.04913692568423969,0.030534351145038167,8,131,0,0,1,1
390,0116_s029_v1_003.jpg,116,1,29,True,3,1051,0.015384615384615385,0.015151515151515152,78,198,0,0,0,0
391,0116_s029_v3_004.jpg,116,3,29,True,3,1051,0.005961963827058839,0.005780346820809248,142,519,0,0,0,0
392,0116_s029_v5_005.jpg,116,5,29,True,3,1051,0.002926078650388009,0.003015075376884422,305,995,0,0,0,0
393,0116_s029_v7_006.jpg,116,7,29,True,3,1051,0.019184557384597675,0.012605042016806723,32,238,0,0,0,0
394,0122_s012_v2_000.jpg,122,2,12,True,10,1052,0.3022968559728406,0.11627906976744186,5,86,0,1,1,1
395,0122_s012_v5_001.jpg,122,5,12,True,10,1052,0.013005350722548829,0.01240694789081886,131,806,0,0,0,0
396,0122_s012_v7_002.jpg,122,7,12,True,10,1052,0.1256794965754759,0.06896551724137931,5,145,0,1,1,1
397,0122_s013_v0_003.jpg,122,0,13,True,11,1053,0.051614788030983114,0.023809523809523808,25,462,0,0,0,0
398,0122_s013_v1_004.jpg,122,1,13,True,11,1053,0.3481312497028352,0.028720626631853787,1,383,1,1,1,1
399,0122_s025_v0_005.jpg,122,0,25,True,5,1047,0.048994585125019904,0.016666666666666666,8,300,0,0,1,1
400,0122_s025_v1_006.jpg,122,1,25,True,5,1047,0.2681531487139056,0.03597122302158273,1,139,1,1,1,1
401,0122_s025_v2_007.jpg,122,2,25,True,5,1047,0.18593139826309962,0.043859649122807015,2,114,0,1,1,1
402,0122_s025_v3_008.jpg,122,3,25,True,5,1047,0.11411174996314313,0.03333333333333333,3,150,0,1,1,1
403,0122_s025_v4_009.jpg,122,4,25,True,5,1047,0.039479215943519,0.021645021645021644,14,231,0,0,0,1
404,0122_s025_v5_010.jpg,122,5,25,True,5,1047,0.06782500365737694,0.04032258064516129,10,124,0,0,1,1
405,0122_s025_v6_011.jpg,122,6,25,True,5,1047,0.06763601002339287,0.045871559633027525,12,109,0,0,0,1
406,0122_s025_v7_012.jpg,122,7,25,True,5,1047,0.01966589909505302,0.015151515151515152,65,330,0,0,0,0
407,0127_s013_v0_000.jpg,127,0,13,True,4,1053,0.024811202400129344,0.008421052631578947,34,475,0,0,0,0
408,0127_s013_v3_001.jpg,127,3,13,True,4,1053,0.05807914563674932,0.04081632653061224,18,98,0,0,0,1
409,0127_s022_v4_002.jpg,127,4,22,True,4,1053,0.1134266738829561,0.012084592145015106,4,331,0,1,1,1
410,0127_s022_v7_003.jpg,127,7,22,True,4,1053,0.12196103150687738,0.039603960396039604,3,101,0,1,1,1
411,0127_s028_v3_004.jpg,127,3,28,True,4,1053,0.27813303917418347,0.03571428571428571,1,112,1,1,1,1
412,0127_s028_v5_005.jpg,127,5,28,True,4,1053,0.2600268914911213,0.008438818565400843,1,474,1,1,1,1
413,0129_s013_v0_000.jpg,129,0,13,True,13,1052,0.20453800782001313,0.027777777777777776,1,468,1,1,1,1
414,0129_s013_v3_001.jpg,129,3,13,True,13,1052,0.33812325433836266,0.02813852813852814,1,462,1,1,1,1
415,0129_s013_v5_002.jpg,129,5,13,True,13,1052,0.17316607960032723,0.013598326359832637,1,956,1,1,1,1
416,0129_s015_v3_003.jpg,129,3,15,True,13,1052,0.22324227513171718,0.09701492537313433,9,134,0,0,1,1
417,0129_s015_v5_004.jpg,129,5,15,True,13,1052,0.21597645331510523,0.10743801652892562,6,121,0,0,1,1
418,0129_s015_v7_005.jpg,129,7,15,True,13,1052,0.3863657655792585,0.025440313111545987,1,511,1,1,1,1
419,0129_s016_v1_006.jpg,129,1,16,True,14,1053,0.3450733819495266,0.15555555555555556,2,90,0,1,1,1
420,0129_s016_v6_007.jpg,129,6,16,True,14,1053,0.16180695294017206,0.10606060606060606,12,132,0,0,0,1
421,0129_s023_v0_008.jpg,129,0,23,True,11,1050,0.056410591523791555,0.02806122448979592,16,392,0,0,0,1
422,0129_s023_v1_009.jpg,129,1,23,True,11,1050,0.18341132658950013,0.024943310657596373,1,441,1,1,1,1
423,0129_s023_v3_010.jpg,129,3,23,True,11,1050,0.36070082594620007,0.048672566371681415,1,226,1,1,1,1
424,0129_s023_v4_011.jpg,129,4,23,True,11,1050,0.051006650472171566,0.026442307692307692,11,416,0,0,0,1
425,0129_s023_v5_012.jpg,129,5,23,True,11,1050,0.09247769171365837,0.05851063829787234,16,188,0,0,0,1
426,0129_s024_v0_013.jpg,129,0,24,True,13,1052,0.18650564045173457,0.012909632571996028,1,1007,1,1,1,1
427,0129_s024_v4_014.jpg,129,4,24,True,13,1052,0.40565352924048576,0.20634920634920634,2,63,0,1,1,1
428,0129_s024_v5_015.jpg,129,5,24,True,13,1052,0.19171303792818192,0.04153354632587859,1,313,1,1,1,1
429,0139_s000_v0_002.jpg,139,0,0,True,2,1047,0.010668322420410927,0.009708737864077669,86,206,0,0,0,0
430,0139_s000_v1_006.jpg,139,1,0,True,2,1047,0.010354715378079863,0.009345794392523364,88,214,0,0,0,0
431,0139_s000_v2_004.jpg,139,2,0,True,2,1047,0.0391337386018237,0.0425531914893617,28,47,0,0,0,0
432,0139_s000_v3_007.jpg,139,3,0,True,2,1047,0.29166666666666663,0.25,3,8,0,1,1,1
433,0139_s000_v4_003.jpg,139,4,0,True,2,1047,0.025014132278123234,0.03278688524590164,58,61,0,0,0,0
434,0139_s000_v5_008.jpg,139,5,0,True,2,1047,0.12406015037593984,0.10526315789473684,7,19,0,0,1,1
435,0139_s000_v6_005.jpg,139,6,0,True,2,1047,0.012447658926532167,0.010810810810810811,71,185,0,0,0,0
436,0139_s000_v7_009.jpg,139,7,0,True,2,1047,0.0787878787878788,0.06666666666666667,11,30,0,0,0,1
437,0139_s015_v1_000.jpg,139,1,15,True,8,1053,0.14908298246560409,0.13333333333333333,12,60,0,0,0,1
438,0139_s015_v7_001.jpg,139,7,15,True,8,1053,0.037875860683854554,0.03524229074889868,39,227,0,0,0,0
439,0141_s015_v0_000.jpg,141,0,15,True,5,1052,0.011913734043889079,0.009900990099009901,60,505,0,0,0,0
440,0141_s015_v3_001.jpg,141,3,15,True,5,1052,0.27026695526695527,0.07936507936507936,5,63,0,1,1,1
441,0141_s015_v5_002.jpg,141,5,15,True,5,1052,0.1872332015810277,0.05434782608695652,4,92,0,1,1,1
442,0141_s023_v0_003.jpg,141,0,23,True,3,1050,0.013595663595663596,0.01098901098901099,45,273,0,0,0,0
443,0141_s023_v1_004.jpg,141,1,23,True,3,1050,0.09971509971509972,0.1111111111111111,13,27,0,0,0,1
444,0141_s023_v3_005.jpg,141,3,23,True,3,1050,0.050413605982396935,0.0410958904109589,23,73,0,0,0,0
445,0141_s023_v4_006.jpg,141,4,23,True,3,1050,0.04270621032164359,0.037037037037037035,31,81,0,0,0,0
446,0141_s023_v5_007.jpg,141,5,23,True,3,1050,0.09083762149799886,0.05660377358490566,11,53,0,0,0,1
447,0143_s016_v0_000.jpg,143,0,16,True,5,1051,0.3868856633562516,0.15151515151515152,1,33,1,1,1,1
448,0143_s016_v1_001.jpg,143,1,16,True,5,1051,0.9028571428571428,0.7142857142857143,1,7,1,1,1,1
449,0143_s016_v3_002.jpg,143,3,16,True,5,1051,0.2951282051282051,0.19230769230769232,2,26,0,1,1,1
450,0143_s016_v5_003.jpg,143,5,16,True,5,1051,0.8761904761904761,0.7142857142857143,1,7,1,1,1,1
451,0143_s024_v0_004.jpg,143,0,24,True,4,1050,0.8409090909090909,0.36363636363636365,1,11,1,1,1,1
452,0143_s024_v1_005.jpg,143,1,24,True,4,1050,0.1291252607042081,0.05263157894736842,6,76,0,0,1,1
453,0143_s024_v3_006.jpg,143,3,24,True,4,1050,0.6041666666666666,0.16666666666666666,1,24,1,1,1,1
454,0143_s024_v4_007.jpg,143,4,24,True,4,1050,0.95,0.8,1,5,1,1,1,1
455,0143_s024_v7_008.jpg,143,7,24,True,4,1050,0.26461038961038963,0.2857142857142857,4,14,0,1,1,1
456,0145_s016_v0_000.jpg,145,0,16,True,9,1050,0.016563441951283422,0.015789473684210527,126,570,0,0,0,0
457,0145_s016_v3_001.jpg,145,3,16,True,9,1050,0.03400462821388041,0.018789144050104383,18,479,0,0,0,1
458,0145_s016_v4_002.jpg,145,4,16,True,9,1050,0.03623815399083666,0.02195121951219512,21,410,0,0,0,0
459,0145_s016_v5_003.jpg,145,5,16,True,9,1050,0.050883093026999074,0.025423728813559324,19,354,0,0,0,1
460,0145_s016_v7_004.jpg,145,7,16,True,9,1050,0.01894665335453398,0.010676156583629894,82,843,0,0,0,0
461,0145_s023_v0_005.jpg,145,0,23,True,9,1050,0.011291057683981337,0.012875536480686695,155,699,0,0,0,0
462,0145_s023_v1_006.jpg,145,1,23,True,9,1050,0.009609054319012163,0.011968085106382979,186,752,0,0,0,0
463,0145_s023_v3_007.jpg,145,3,23,True,9,1050,0.011499727033390774,0.014657980456026058,126,614,0,0,0,0
464,0145_s023_v4_008.jpg,145,4,23,True,9,1050,0.00948893351315242,0.013719512195121951,168,656,0,0,0,0
465,0145_s023_v7_009.jpg,145,7,23,True,9,1050,0.011800220523981829,0.015025041736227046,185,599,0,0,0,0
466,0145_s024_v1_010.jpg,145,1,24,True,10,1051,0.020103826436189735,0.01443001443001443,83,693,0,0,0,0
467,0145_s024_v3_011.jpg,145,3,24,True,10,1051,0.012295251451020771,0.012468827930174564,144,802,0,0,0,0
468,0145_s024_v4_012.jpg,145,4,24,True,10,1051,0.04560951256761374,0.029940119760479042,20,334,0,0,0,1
469,0145_s024_v5_013.jpg,145,5,24,True,10,1051,0.013562496068365949,0.0136986301369863,176,730,0,0,0,0
470,0150_s000_v0_007.jpg,150,0,0,True,7,1047,0.008901574754019318,0.007891770011273957,208,887,0,0,0,0
471,0150_s000_v1_011.jpg,150,1,0,True,7,1047,0.011892691787851744,0.011804384485666104,106,593,0,0,0,0
472,0150_s000_v2_009.jpg,150,2,0,True,7,1047,0.022030848785562752,0.01912568306010929,69,366,0,0,0,0
473,0150_s000_v3_012.jpg,150,3,0,True,7,1047,0.009379984044026752,0.009762900976290097,83,717,0,0,0,0
474,0150_s000_v4_008.jpg,150,4,0,True,7,1047,0.007018473641610514,0.008244994110718492,203,849,0,0,0,0
475,0150_s000_v5_013.jpg,150,5,0,True,7,1047,0.026043069483984167,0.023728813559322035,25,295,0,0,0,0
476,0150_s000_v6_010.jpg,150,6,0,True,7,1047,0.015035622542308653,0.012522361359570662,62,559,0,0,0,0
477,0150_s000_v7_014.jpg,150,7,0,True,7,1047,0.010500307965471162,0.011235955056179775,164,623,0,0,0,0
478,0150_s016_v1_000.jpg,150,1,16,True,12,1052,0.27012227757223667,0.011527377521613832,1,1041,1,1,1,1
479,0150_s016_v4_001.jpg,150,4,16,True,12,1052,0.01707177543884367,0.012295081967213115,16,976,0,0,0,1
480,0150_s016_v7_002.jpg,150,7,16,True,12,1052,0.2155195163362605,0.027149321266968326,1,442,1,1,1,1
481,0150_s024_v0_003.jpg,150,0,24,True,11,1051,0.06219399859515883,0.01950354609929078,3,564,0,1,1,1
482,0150_s024_v1_004.jpg,150,1,24,True,11,1051,0.10542063911794952,0.01676829268292683,3,656,0,1,1,1
483,0150_s024_v3_005.jpg,150,3,24,True,11,1051,0.09025094462741572,0.014304291287386216,3,769,0,1,1,1
484,0150_s024_v7_006.jpg,150,7,24,True,11,1051,0.02535482730735247,0.010689990281827016,6,1029,0,0,1,1
485,0152_s016_v1_000.jpg,152,1,16,True,3,1054,0.015970630787577902,0.008086253369272238,49,371,0,0,0,0
486,0152_s018_v3_001.jpg,152,3,18,True,1,1052,0.0022935779816513763,0.0022935779816513763,436,436,0,0,0,0
487,0152_s018_v5_002.jpg,152,5,18,True,1,1052,0.006329113924050633,0.006329113924050633,158,158,0,0,0,0
488,0152_s018_v7_003.jpg,152,7,18,True,1,1052,0.0024449877750611247,0.0024449877750611247,409,409,0,0,0,0
489,0160_s017_v0_000.jpg,160,0,17,True,12,1052,0.02044852349367102,0.01437125748502994,39,835,0,0,0,0
490,0160_s017_v1_001.jpg,160,1,17,True,12,1052,0.05266789884126585,0.036923076923076927,6,325,0,0,1,1
491,0160_s017_v3_002.jpg,160,3,17,True,12,1052,0.04401802355618873,0.031088082901554404,21,386,0,0,0,0
492,0160_s029_v1_003.jpg,160,1,29,True,9,1049,0.16207471796211892,0.03488372093023256,1,258,1,1,1,1
493,0160_s029_v3_004.jpg,160,3,29,True,9,1049,0.07344073121266675,0.06474820143884892,12,139,0,0,0,1
494,0160_s029_v4_005.jpg,160,4,29,True,9,1049,0.017745287793819134,0.01565217391304348,37,575,0,0,0,0
495,0160_s029_v5_006.jpg,160,5,29,True,9,1049,0.07173020968289048,0.05056179775280899,19,178,0,0,0,1
496,0160_s029_v6_007.jpg,160,6,29,True,9,1049,0.09865438134414338,0.019067796610169493,5,472,0,1,1,1
497,0160_s029_v7_008.jpg,160,7,29,True,9,1049,0.032485675205413275,0.015280135823429542,23,589,0,0,0,0
498,0160_s030_v0_009.jpg,160,0,30,True,9,1049,0.01919005652772075,0.017716535433070866,129,508,0,0,0,0
499,0160_s030_v1_010.jpg,160,1,30,True,9,1049,0.03245304272777878,0.023017902813299233,68,391,0,0,0,0
500,0160_s030_v3_011.jpg,160,3,30,True,9,1049,0.02216650587024287,0.02107728337236534,44,427,0,0,0,0
501,0160_s030_v4_012.jpg,160,4,30,True,9,1049,0.047959896299073775,0.04838709677419355,43,186,0,0,0,0
502,0160_s030_v5_013.jpg,160,5,30,True,9,1049,0.01589918095853845,0.011479591836734694,87,784,0,0,0,0
503,0160_s030_v6_014.jpg,160,6,30,True,9,1049,0.020777213536053274,0.015410958904109588,106,584,0,0,0,0
504,0170_s018_v0_000.jpg,170,0,18,True,6,1053,0.010451197062883479,0.010273972602739725,98,584,0,0,0,0
505,0170_s018_v5_001.jpg,170,5,18,True,6,1053,0.02806730491144664,0.030927835051546393,59,194,0,0,0,0
506,0170_s027_v0_002.jpg,170,0,27,True,2,1049,0.0033319384872894653,0.004132231404958678,395,484,0,0,0,0
507,0170_s027_v1_003.jpg,170,1,27,True,2,1049,0.00529876741693462,0.006430868167202572,240,311,0,0,0,0
508,0170_s027_v2_004.jpg,170,2,27,True,2,1049,0.0036619558930771744,0.004576659038901602,364,437,0,0,0,0
509,0170_s027_v3_005.jpg,170,3,27,True,2,1049,0.010486850684633776,0.011627906976744186,107,172,0,0,0,0
510,0170_s027_v4_006.jpg,170,4,27,True,2,1049,0.007884671962341865,0.009708737864077669,165,206,0,0,0,0
511,0170_s027_v7_007.jpg,170,7,27,True,2,1049,0.003671338058419244,0.003436426116838488,256,582,0,0,0,0
512,0176_s019_v0_000.jpg,176,0,19,True,5,1051,0.26028011204481794,0.049019607843137254,2,102,0,1,1,1
513,0176_s019_v1_001.jpg,176,1,19,True,5,1051,0.1443997668997669,0.09090909090909091,5,55,0,1,1,1
514,0176_s019_v4_002.jpg,176,4,19,True,5,1051,0.00567966907051206,0.006775067750677507,196,738,0,0,0,0
515,0176_s019_v5_003.jpg,176,5,19,True,5,1051,0.028681878647758452,0.044642857142857144,89,112,0,0,0,0
516,0176_s029_v1_004.jpg,176,1,29,True,4,1050,0.28460969265725905,0.035398230088495575,1,113,1,1,1,1
517,0176_s029_v3_005.jpg,176,3,29,True,4,1050,0.024145562353958157,0.034482758620689655,75,116,0,0,0,0
518,0176_s029_v5_006.jpg,176,5,29,True,4,1050,0.07091529793735676,0.07142857142857142,17,56,0,0,0,1
519,0176_s029_v6_007.jpg,176,6,29,True,4,1050,0.041409527897057485,0.014134275618374558,13,283,0,0,0,1
520,0176_s029_v7_008.jpg,176,7,29,True,4,1050,0.31853873077277334,0.0425531914893617,1,94,1,1,1,1
521,0178_s019_v1_000.jpg,178,1,19,True,2,1051,0.006864471842117147,0.008264462809917356,183,242,0,0,0,0
522,0178_s019_v2_001.jpg,178,2,19,True,2,1051,0.001786128807613938,0.002355712603062426,822,849,0,0,0,0
523,0178_s019_v4_002.jpg,178,4,19,True,2,1051,0.0021641942694574272,0.002574002574002574,570,777,0,0,0,0
524,0178_s019_v7_003.jpg,178,7,19,True,2,1051,0.0027351817605053928,0.003590664272890485,532,557,0,0,0,0
525,0178_s022_v3_004.jpg,178,3,22,True,4,1053,0.005440850459010931,0.005908419497784343,201,677,0,0,0,0
526,0178_s022_v4_005.jpg,178,4,22,True,4,1053,0.005372985937358764,0.0061068702290076335,248,655,0,0,0,0
527,0196_s000_v0_002.jpg,196,0,0,True,2,1052,0.008438598322719839,0.007168458781362007,103,279,0,0,0,0
528,0196_s000_v1_004.jpg,196,1,0,True,2,1052,0.009330628803245436,0.006896551724137931,85,290,0,0,0,0
529,0196_s000_v2_003.jpg,196,2,0,True,2,1052,0.008002048524422253,0.008130081300813009,127,246,0,0,0,0
530,0196_s022_v0_000.jpg,196,0,22,True,3,1053,0.020015155400385298,0.022900763358778626,72,131,0,0,0,0
531,0196_s022_v7_001.jpg,196,7,22,True,3,1053,0.007313687454038101,0.009202453987730062,203,326,0,0,0,0
532,0204_s022_v0_000.jpg,204,0,22,True,2,1051,0.010745614035087718,0.008333333333333333,76,240,0,0,0,0
533,0204_s022_v5_001.jpg,204,5,22,True,2,1051,0.062037037037037036,0.07407407407407407,20,27,0,0,0,1
534,0204_s022_v6_002.jpg,204,6,22,True,2,1051,0.04905437352245863,0.0425531914893617,18,47,0,0,0,1
535,0204_s022_v7_003.jpg,204,7,22,True,2,1051,0.12698412698412698,0.14285714285714285,9,14,0,0,1,1
536,0204_s024_v1_004.jpg,204,1,24,True,4,1053,0.07567155067155067,0.04395604395604396,9,91,0,0,1,1
537,0204_s024_v3_005.jpg,204,3,24,True,4,1053,0.034682424621449014,0.012195121951219513,18,328,0,0,0,1
538,0220_s023_v0_000.jpg,220,0,23,True,4,1048,0.005169911761779731,0.004866180048661801,310,822,0,0,0,0
539,0220_s023_v1_001.jpg,220,1,23,True,4,1048,0.009250729098719929,0.0113314447592068,147,353,0,0,0,0
540,0220_s023_v3_002.jpg,220,3,23,True,4,1048,0.008878343657408047,0.006825938566552901,121,586,0,0,0,0
541,0220_s023_v4_003.jpg,220,4,23,True,4,1048,0.00596942486701924,0.005215123859191656,129,767,0,0,0,0
542,0220_s023_v5_004.jpg,220,5,23,True,4,1048,0.007284927513686427,0.008097165991902834,170,494,0,0,0,0
543,0220_s023_v6_005.jpg,220,6,23,True,4,1048,0.003499583291499698,0.004860267314702308,459,823,0,0,0,0
544,0220_s023_v7_006.jpg,220,7,23,True,4,1048,0.00517344000164199,0.005095541401273885,265,785,0,0,0,0
545,0220_s024_v0_007.jpg,220,0,24,True,7,1051,0.00472805074155668,0.007157464212678937,371,978,0,0,0,0
546,0220_s024_v1_008.jpg,220,1,24,True,7,1051,0.004471474220121658,0.007253886010362694,609,965,0,0,0,0
547,0220_s024_v2_009.jpg,220,2,24,True,7,1051,0.0065265374811775915,0.009523809523809525,488,735,0,0,0,0
548,0220_s024_v3_010.jpg,220,3,24,True,7,1051,0.006216593334636283,0.008225616921269096,406,851,0,0,0,0
549,0228_s026_v2_000.jpg,228,2,26,True,6,1050,0.179380773748147,0.029556650246305417,3,203,0,1,1,1
550,0228_s026_v3_001.jpg,228,3,26,True,6,1050,0.11796462936813812,0.07692307692307693,3,78,0,1,1,1
551,0228_s026_v4_002.jpg,228,4,26,True,6,1050,0.2333152108928945,0.0625,1,96,1,1,1,1
552,0228_s026_v5_003.jpg,228,5,26,True,6,1050,0.7083333333333334,0.42857142857142855,1,14,1,1,1,1
553,0228_s026_v6_004.jpg,228,6,26,True,6,1050,0.07205404804318762,0.029556650246305417,13,203,0,0,0,1
554,0228_s030_v2_005.jpg,228,2,30,True,5,1049,0.22194805194805195,0.11363636363636363,3,44,0,1,1,1
555,0228_s030_v3_006.jpg,228,3,30,True,5,1049,0.05095751659569614,0.028735632183908046,10,174,0,0,1,1
556,0228_s030_v4_007.jpg,228,4,30,True,5,1049,0.3911280487804878,0.024390243902439025,1,205,1,1,1,1
557,0228_s030_v5_008.jpg,228,5,30,True,5,1049,0.14529798285021936,0.01597444089456869,2,313,0,1,1,1
558,0228_s030_v6_009.jpg,228,6,30,True,5,1049,0.0872465766014153,0.09615384615384616,15,52,0,0,0,1
559,0228_s030_v7_010.jpg,228,7,30,True,5,1049,0.2598288403936671,0.12195121951219512,3,41,0,1,1,1
560,0239_s028_v3_000.jpg,239,3,28,True,2,1052,0.225,0.25,5,8,0,1,1,1
561,0239_s028_v5_001.jpg,239,5,28,True,2,1052,0.010942661632845681,0.012269938650306749,104,163,0,0,0,0
562,0239_s028_v6_002.jpg,239,6,28,True,2,1052,0.001910737535697073,0.0021436227224008574,596,933,0,0,0,0
563,0239_s029_v3_003.jpg,239,3,29,True,3,1053,0.08535701846046673,0.009404388714733543,6,319,0,0,1,1
564,0239_s029_v4_004.jpg,239,4,29,True,3,1053,0.040678471945881416,0.004178272980501393,10,718,0,0,1,1
565,0241_s028_v1_000.jpg,241,1,28,True,4,1050,0.006845987372518518,0.008791208791208791,295,455,0,0,0,0
566,0241_s028_v2_001.jpg,241,2,28,True,4,1050,0.0058053004596934415,0.0075046904315197,262,533,0,0,0,0
567,0241_s028_v3_002.jpg,241,3,28,True,4,1050,0.006322096230468264,0.007905138339920948,263,506,0,0,0,0
568,0241_s028_v5_003.jpg,241,5,28,True,4,1050,0.005323500535322136,0.007312614259597806,422,547,0,0,0,0
569,0241_s028_v7_004.jpg,241,7,28,True,4,1050,0.0037012968045000835,0.004842615012106538,547,826,0,0,0,0
570,0241_s029_v0_005.jpg,241,0,29,True,5,1051,0.004310271088822392,0.005518763796909493,478,906,0,0,0,0
571,0241_s029_v3_006.jpg,241,3,29,True,5,1051,0.004209818590221371,0.006321112515802781,571,791,0,0,0,0
572,0241_s029_v5_007.jpg,241,5,29,True,5,1051,0.005654183057220007,0.00651890482398957,343,767,0,0,0,0
573,0241_s029_v7_008.jpg,241,7,29,True,5,1051,0.004186603293142204,0.00585480093676815,438,854,0,0,0,0
574,0253_s000_v0_004.jpg,253,0,0,True,12,1050,0.017893045686339468,0.013348164627363738,123,899,0,0,0,0
575,0253_s000_v1_007.jpg,253,1,0,True,12,1050,0.0567197661312021,0.021621621621621623,5,555,0,1,1,1
576,0253_s000_v2_006.jpg,253,2,0,True,12,1050,0.0958396522934068,0.04838709677419355,7,248,0,0,1,1
577,0253_s000_v4_005.jpg,253,4,0,True,12,1050,0.23244942831390944,0.07894736842105263,7,152,0,0,1,1
578,0253_s000_v7_009.jpg,253,7,0,True,12,1050,0.021328641591711606,0.01702127659574468,66,705,0,0,0,0
579,0253_s001_v0_004.jpg,253,0,1,True,9,1047,0.4015629317737355,0.024793388429752067,1,363,1,1,1,1
580,0253_s001_v1_008.jpg,253,1,1,True,9,1047,0.47082424764948677,0.0481283422459893,1,187,1,1,1,1
581,0253_s001_v2_006.jpg,253,2,1,True,9,1047,0.33598512588049373,0.022388059701492536,1,402,1,1,1,1
582,0253_s001_v3_009.jpg,253,3,1,True,9,1047,0.14134910919467947,0.03103448275862069,3,290,0,1,1,1
583,0253_s001_v4_005.jpg,253,4,1,True,9,1047,0.07688771255232568,0.015625,3,576,0,1,1,1
584,0253_s001_v5_010.jpg,253,5,1,True,9,1047,0.2966501981883815,0.017475728155339806,1,515,1,1,1,1
585,0253_s001_v6_007.jpg,253,6,1,True,9,1047,0.17878804552801306,0.012311901504787962,2,731,0,1,1,1
586,0253_s001_v7_011.jpg,253,7,1,True,9,1047,0.12413349518049596,0.07086614173228346,4,127,0,1,1,1
587,0253_s030_v1_000.jpg,253,1,30,True,13,1051,0.10669468832989876,0.05829596412556054,10,223,0,0,1,1
588,0253_s030_v3_001.jpg,253,3,30,True,13,1051,0.11008202109831072,0.03880597014925373,9,335,0,0,1,1
589,0253_s030_v5_002.jpg,253,5,30,True,13,1051,0.31138043159293793,0.03201970443349754,1,406,1,1,1,1
590,0253_s030_v7_003.jpg,253,7,30,True,13,1051,0.0648684991134109,0.04905660377358491,46,265,0,0,0,0
