query_index,name,identity,camera,scene,valid,relevant_gallery,kept_gallery,AP,INP,first_match,last_match,Rank-1,Rank-5,Rank-10,Rank-20
0,000258_cam1_0_00.jpg,258,0,-1,True,20,826,1.0,1.0,1,20,1,1,1,1
1,000258_cam1_0_01.jpg,258,0,-1,True,20,826,0.9951190476190476,0.9523809523809523,1,21,1,1,1,1
2,000258_cam1_0_02.jpg,258,0,-1,True,20,826,1.0,1.0,1,20,1,1,1,1
3,000258_cam1_0_03.jpg,258,0,-1,True,20,826,1.0,1.0,1,20,1,1,1,1
4,000258_cam1_0_04.jpg,258,0,-1,True,20,826,0.9730608076563957,0.8333333333333334,1,24,1,1,1,1
5,000258_cam1_0_05.jpg,258,0,-1,True,20,826,0.9951190476190476,0.9523809523809523,1,21,1,1,1,1
6,000258_cam1_0_06.jpg,258,0,-1,True,20,826,1.0,1.0,1,20,1,1,1,1
7,000258_cam1_0_07.jpg,258,0,-1,True,20,826,1.0,1.0,1,20,1,1,1,1
8,000258_cam1_0_08.jpg,258,0,-1,True,20,826,1.0,1.0,1,20,1,1,1,1
9,000258_cam1_0_09.jpg,258,0,-1,True,20,826,1.0,1.0,1,20,1,1,1,1
10,000258_cam2_0_00.jpg,258,1,-1,True,10,816,1.0,1.0,1,10,1,1,1,1
11,000258_cam2_0_01.jpg,258,1,-1,True,10,816,1.0,1.0,1,10,1,1,1,1
12,000258_cam2_0_02.jpg,258,1,-1,True,10,816,1.0,1.0,1,10,1,1,1,1
13,000258_cam2_0_03.jpg,258,1,-1,True,10,816,1.0,1.0,1,10,1,1,1,1
14,000258_cam2_0_04.jpg,258,1,-1,True,10,816,1.0,1.0,1,10,1,1,1,1
15,000258_cam2_0_05.jpg,258,1,-1,True,10,816,1.0,1.0,1,10,1,1,1,1
16,000258_cam2_0_06.jpg,258,1,-1,True,10,816,1.0,1.0,1,10,1,1,1,1
17,000258_cam2_0_07.jpg,258,1,-1,True,10,816,1.0,1.0,1,10,1,1,1,1
18,000258_cam2_0_08.jpg,258,1,-1,True,10,816,1.0,1.0,1,10,1,1,1,1
19,000258_cam2_0_09.jpg,258,1,-1,True,10,816,1.0,1.0,1,10,1,1,1,1
20,000258_cam2_0_10.jpg,258,1,-1,True,10,816,1.0,1.0,1,10,1,1,1,1
21,000258_cam2_0_11.jpg,258,1,-1,True,10,816,1.0,1.0,1,10,1,1,1,1
22,000258_cam2_0_12.jpg,258,1,-1,True,10,816,1.0,1.0,1,10,1,1,1,1
23,000258_cam2_0_13.jpg,258,1,-1,True,10,816,1.0,1.0,1,10,1,1,1,1
24,000258_cam2_0_14.jpg,258,1,-1,True,10,816,1.0,1.0,1,10,1,1,1,1
25,000258_cam2_0_15.jpg,258,1,-1,True,10,816,1.0,1.0,1,10,1,1,1,1
26,000258_cam2_0_16.jpg,258,1,-1,True,10,816,1.0,1.0,1,10,1,1,1,1
27,000258_cam2_0_17.jpg,258,1,-1,True,10,816,1.0,1.0,1,10,1,1,1,1
28,000258_cam2_0_18.jpg,258,1,-1,True,10,816,1.0,1.0,1,10,1,1,1,1
29,000258_cam2_0_19.jpg,258,1,-1,True,10,816,1.0,1.0,1,10,1,1,1,1
30,000260_cam1_0_00.jpg,260,0,-1,True,21,827,0.6061830366883557,0.4375,1,48,1,1,1,1
31,000260_cam1_0_01.jpg,260,0,-1,True,21,827,0.7581473208181283,0.42857142857142855,1,49,1,1,1,1
32,000260_cam1_0_02.jpg,260,0,-1,True,21,827,0.4791509663730079,0.39622641509433965,1,53,1,1,1,1
33,000260_cam1_0_03.jpg,260,0,-1,True,21,827,0.6241275749160936,0.31343283582089554,1,67,1,1,1,1
34,000260_cam1_0_04.jpg,260,0,-1,True,21,827,0.5328287597762229,0.42,1,50,1,1,1,1
35,000260_cam1_0_05.jpg,260,0,-1,True,21,827,0.5245414231647493,0.44680851063829785,4,47,0,1,1,1
36,000260_cam1_0_06.jpg,260,0,-1,True,21,827,0.9190957270992124,0.6363636363636364,1,33,1,1,1,1
37,000260_cam1_0_07.jpg,260,0,-1,True,21,827,0.5784641468941993,0.2625,1,80,1,1,1,1
38,000260_cam1_0_08.jpg,260,0,-1,True,21,827,0.9915302089215133,0.9130434782608695,1,23,1,1,1,1
39,000260_cam2_0_00.jpg,260,1,-1,True,9,815,0.8567901234567902,0.6428571428571429,1,14,1,1,1,1
40,000260_cam2_0_01.jpg,260,1,-1,True,9,815,0.9092953342953343,0.8181818181818182,1,11,1,1,1,1
41,000260_cam2_0_02.jpg,260,1,-1,True,9,815,1.0,1.0,1,9,1,1,1,1
42,000260_cam2_0_03.jpg,260,1,-1,True,9,815,0.7530034235916588,0.5294117647058824,1,17,1,1,1,1
43,000260_cam2_0_04.jpg,260,1,-1,True,9,815,0.7083613916947251,0.5,1,18,1,1,1,1
44,000260_cam2_0_05.jpg,260,1,-1,True,9,815,0.7046576879910212,0.5,1,18,1,1,1,1
45,000260_cam2_0_06.jpg,260,1,-1,True,9,815,0.7383828589710942,0.5294117647058824,1,17,1,1,1,1
46,000260_cam2_0_07.jpg,260,1,-1,True,9,815,0.7818181818181817,0.6,1,15,1,1,1,1
47,000260_cam2_0_08.jpg,260,1,-1,True,9,815,0.5747063993440804,0.3333333333333333,1,27,1,1,1,1
48,000260_cam2_0_09.jpg,260,1,-1,True,9,815,0.3510800711729504,0.2727272727272727,2,33,0,1,1,1
49,000260_cam2_0_10.jpg,260,1,-1,True,9,815,0.20926800893801267,0.18,4,50,0,1,1,1
50,000260_cam2_0_11.jpg,260,1,-1,True,9,815,0.41023342810408514,0.3,1,30,1,1,1,1
51,000260_cam2_0_12.jpg,260,1,-1,True,9,815,0.2327363076357243,0.14754098360655737,2,61,0,1,1,1
52,000260_cam2_0_13.jpg,260,1,-1,True,9,815,0.19810622084978186,0.15,2,60,0,1,1,1
53,000260_cam2_0_14.jpg,260,1,-1,True,9,815,0.12805870692716848,0.11538461538461539,4,78,0,1,1,1
54,000260_cam2_0_15.jpg,260,1,-1,True,9,815,0.22899992307887043,0.1875,2,48,0,1,1,1
55,000260_cam2_0_16.jpg,260,1,-1,True,9,815,0.19322470102667552,0.1875,4,48,0,1,1,1
56,000260_cam2_0_17.jpg,260,1,-1,True,9,815,0.2529942425171894,0.28125,2,32,0,1,1,1
57,000260_cam2_0_18.jpg,260,1,-1,True,9,815,0.2643691747711498,0.2903225806451613,2,31,0,1,1,1
58,000260_cam2_0_19.jpg,260,1,-1,True,9,815,0.24536190057929186,0.23076923076923078,2,39,0,1,1,1
59,000260_cam2_0_20.jpg,260,1,-1,True,9,815,0.3597341509240823,0.3333333333333333,2,27,0,1,1,1
60,000269_cam1_0_00.jpg,269,0,-1,True,16,827,1.0,1.0,1,16,1,1,1,1
61,000269_cam1_0_01.jpg,269,0,-1,True,16,827,1.0,1.0,1,16,1,1,1,1
62,000269_cam1_0_02.jpg,269,0,-1,True,16,827,1.0,1.0,1,16,1,1,1,1
63,000269_cam1_0_03.jpg,269,0,-1,True,16,827,1.0,1.0,1,16,1,1,1,1
64,000269_cam1_0_04.jpg,269,0,-1,True,16,827,1.0,1.0,1,16,1,1,1,1
65,000269_cam1_0_05.jpg,269,0,-1,True,16,827,1.0,1.0,1,16,1,1,1,1
66,000269_cam1_0_06.jpg,269,0,-1,True,16,827,1.0,1.0,1,16,1,1,1,1
67,000269_cam1_0_07.jpg,269,0,-1,True,16,827,1.0,1.0,1,16,1,1,1,1
68,000269_cam1_0_08.jpg,269,0,-1,True,16,827,1.0,1.0,1,16,1,1,1,1
69,000269_cam2_0_00.jpg,269,1,-1,True,9,820,0.37150966317632983,0.3333333333333333,4,27,0,1,1,1
70,000269_cam2_0_01.jpg,269,1,-1,True,9,820,0.2324683804788605,0.3103448275862069,10,29,0,0,1,1
71,000269_cam2_0_02.jpg,269,1,-1,True,9,820,0.9459876543209877,0.75,1,12,1,1,1,1
72,000269_cam2_0_03.jpg,269,1,-1,True,9,820,1.0,1.0,1,9,1,1,1,1
73,000269_cam2_0_04.jpg,269,1,-1,True,9,820,1.0,1.0,1,9,1,1,1,1
74,000269_cam2_0_05.jpg,269,1,-1,True,9,820,0.7390432098765432,0.5625,1,16,1,1,1,1
75,000269_cam2_0_06.jpg,269,1,-1,True,9,820,0.9765432098765433,0.9,1,10,1,1,1,1
76,000269_cam2_0_07.jpg,269,1,-1,True,9,820,1.0,1.0,1,9,1,1,1,1
77,000269_cam2_0_08.jpg,269,1,-1,True,9,820,1.0,1.0,1,9,1,1,1,1
78,000269_cam2_0_09.jpg,269,1,-1,True,9,820,1.0,1.0,1,9,1,1,1,1
79,000269_cam2_0_10.jpg,269,1,-1,True,9,820,0.9436868686868686,0.8181818181818182,1,11,1,1,1,1
80,000269_cam2_0_11.jpg,269,1,-1,True,9,820,1.0,1.0,1,9,1,1,1,1
81,000269_cam2_0_12.jpg,269,1,-1,True,9,820,0.9051066217732884,0.8181818181818182,1,11,1,1,1,1
82,000269_cam2_0_13.jpg,269,1,-1,True,9,820,1.0,1.0,1,9,1,1,1,1
83,000269_cam2_0_14.jpg,269,1,-1,True,9,820,1.0,1.0,1,9,1,1,1,1
84,000269_cam2_0_15.jpg,269,1,-1,True,9,820,1.0,1.0,1,9,1,1,1,1
85,000270_cam1_0_00.jpg,270,0,-1,True,10,829,1.0,1.0,1,10,1,1,1,1
86,000270_cam1_0_01.jpg,270,0,-1,True,10,829,1.0,1.0,1,10,1,1,1,1
87,000270_cam1_0_02.jpg,270,0,-1,True,10,829,1.0,1.0,1,10,1,1,1,1
88,000270_cam1_0_03.jpg,270,0,-1,True,10,829,1.0,1.0,1,10,1,1,1,1
89,000270_cam1_0_04.jpg,270,0,-1,True,10,829,1.0,1.0,1,10,1,1,1,1
90,000270_cam1_0_05.jpg,270,0,-1,True,10,829,1.0,1.0,1,10,1,1,1,1
91,000270_cam1_0_06.jpg,270,0,-1,True,10,829,1.0,1.0,1,10,1,1,1,1
92,000270_cam2_0_00.jpg,270,1,-1,True,7,826,1.0,1.0,1,7,1,1,1,1
93,000270_cam2_0_01.jpg,270,1,-1,True,7,826,1.0,1.0,1,7,1,1,1,1
94,000270_cam2_0_02.jpg,270,1,-1,True,7,826,1.0,1.0,1,7,1,1,1,1
95,000270_cam2_0_03.jpg,270,1,-1,True,7,826,1.0,1.0,1,7,1,1,1,1
96,000270_cam2_0_04.jpg,270,1,-1,True,7,826,1.0,1.0,1,7,1,1,1,1
97,000270_cam2_0_05.jpg,270,1,-1,True,7,826,1.0,1.0,1,7,1,1,1,1
98,000270_cam2_0_06.jpg,270,1,-1,True,7,826,1.0,1.0,1,7,1,1,1,1
99,000270_cam2_0_07.jpg,270,1,-1,True,7,826,1.0,1.0,1,7,1,1,1,1
100,000270_cam2_0_08.jpg,270,1,-1,True,7,826,0.9682539682539683,0.7777777777777778,1,9,1,1,1,1
101,000270_cam2_0_09.jpg,270,1,-1,True,7,826,1.0,1.0,1,7,1,1,1,1
102,000271_cam1_0_00.jpg,271,0,-1,True,16,826,1.0,1.0,1,16,1,1,1,1
103,000271_cam1_0_01.jpg,271,0,-1,True,16,826,0.9381529673349526,0.9411764705882353,1,17,1,1,1,1
104,000271_cam1_0_02.jpg,271,0,-1,True,16,826,1.0,1.0,1,16,1,1,1,1
105,000271_cam1_0_03.jpg,271,0,-1,True,16,826,0.9648205093517593,0.8888888888888888,1,18,1,1,1,1
106,000271_cam1_0_04.jpg,271,0,-1,True,16,826,0.9963235294117647,0.9411764705882353,1,17,1,1,1,1
107,000271_cam1_0_05.jpg,271,0,-1,True,16,826,0.9680884832079686,0.9411764705882353,1,17,1,1,1,1
108,000271_cam1_0_06.jpg,271,0,-1,True,16,826,0.7393914245476746,0.35555555555555557,2,45,0,1,1,1
109,000271_cam1_0_07.jpg,271,0,-1,True,16,826,0.8406786326203896,0.64,1,25,1,1,1,1
110,000271_cam1_0_08.jpg,271,0,-1,True,16,826,0.65351994449516,0.27586206896551724,1,58,1,1,1,1
111,000271_cam1_0_09.jpg,271,0,-1,True,16,826,0.6016698320821313,0.2711864406779661,3,59,0,1,1,1
112,000271_cam2_0_00.jpg,271,1,-1,True,10,820,0.5624358089113781,0.29411764705882354,1,34,1,1,1,1
113,000271_cam2_0_01.jpg,271,1,-1,True,10,820,0.6996460746460746,0.2702702702702703,1,37,1,1,1,1
114,000271_cam2_0_02.jpg,271,1,-1,True,10,820,0.8416302016302015,0.2702702702702703,1,37,1,1,1,1
115,000271_cam2_0_03.jpg,271,1,-1,True,10,820,0.6994764720374477,0.2222222222222222,1,45,1,1,1,1
116,000271_cam2_0_04.jpg,271,1,-1,True,10,820,0.6275523507500252,0.23255813953488372,1,43,1,1,1,1
117,000271_cam2_0_05.jpg,271,1,-1,True,10,820,0.6977413127413128,0.2702702702702703,1,37,1,1,1,1
118,000271_cam2_0_06.jpg,271,1,-1,True,10,820,0.8433621933621934,0.2777777777777778,1,36,1,1,1,1
119,000271_cam2_0_07.jpg,271,1,-1,True,10,820,0.8055844155844156,0.22727272727272727,1,44,1,1,1,1
120,000271_cam2_0_08.jpg,271,1,-1,True,10,820,0.8318678160919541,0.20833333333333334,1,48,1,1,1,1
121,000271_cam2_0_09.jpg,271,1,-1,True,10,820,0.7958963365910627,0.30303030303030304,1,33,1,1,1,1
122,000271_cam2_0_10.jpg,271,1,-1,True,10,820,0.7822776101878486,0.3225806451612903,1,31,1,1,1,1
123,000271_cam2_0_11.jpg,271,1,-1,True,10,820,0.8783333333333333,0.3333333333333333,1,30,1,1,1,1
124,000271_cam2_0_12.jpg,271,1,-1,True,10,820,0.814027149321267,0.29411764705882354,1,34,1,1,1,1
125,000271_cam2_0_13.jpg,271,1,-1,True,10,820,0.8754419191919192,0.30303030303030304,1,33,1,1,1,1
126,000271_cam2_0_14.jpg,271,1,-1,True,10,820,0.9488235294117647,0.5882352941176471,1,17,1,1,1,1
127,000271_cam2_0_15.jpg,271,1,-1,True,10,820,0.7880492859282932,0.29411764705882354,1,34,1,1,1,1
128,000272_cam1_0_00.jpg,272,0,-1,True,15,826,0.9551098901098901,0.625,1,24,1,1,1,1
129,000272_cam1_0_01.jpg,272,0,-1,True,15,826,0.9465649165649166,0.7142857142857143,1,21,1,1,1,1
130,000272_cam1_0_02.jpg,272,0,-1,True,15,826,0.8276946731625275,0.5172413793103449,1,29,1,1,1,1
131,000272_cam1_0_03.jpg,272,0,-1,True,15,826,0.8161003224302458,0.5,1,30,1,1,1,1
132,000272_cam1_0_04.jpg,272,0,-1,True,15,826,0.8843170554935263,0.5357142857142857,1,28,1,1,1,1
133,000272_cam1_0_05.jpg,272,0,-1,True,15,826,0.9510297943034517,0.6521739130434783,1,23,1,1,1,1
134,000272_cam1_0_06.jpg,272,0,-1,True,15,826,0.8470753200848098,0.5555555555555556,1,27,1,1,1,1
135,000272_cam1_0_07.jpg,272,0,-1,True,15,826,0.9888888888888889,0.8333333333333334,1,18,1,1,1,1
136,000272_cam1_0_08.jpg,272,0,-1,True,15,826,0.9349247049247048,0.5555555555555556,1,27,1,1,1,1
137,000272_cam1_0_09.jpg,272,0,-1,True,15,826,1.0,1.0,1,15,1,1,1,1
138,000272_cam2_0_00.jpg,272,1,-1,True,10,821,0.7206521447900758,0.3448275862068966,1,29,1,1,1,1
139,000272_cam2_0_01.jpg,272,1,-1,True,10,821,0.2643235856046415,0.20408163265306123,8,49,0,0,1,1
140,000272_cam2_0_02.jpg,272,1,-1,True,10,821,0.33682228298017775,0.2631578947368421,2,38,0,1,1,1
141,000272_cam2_0_03.jpg,272,1,-1,True,10,821,0.418618746836832,0.2127659574468085,1,47,1,1,1,1
142,000272_cam2_0_04.jpg,272,1,-1,True,10,821,0.3634190017484028,0.17543859649122806,1,57,1,1,1,1
143,000272_cam2_0_05.jpg,272,1,-1,True,10,821,0.18042016167975247,0.10869565217391304,8,92,0,0,1,1
144,000272_cam2_0_06.jpg,272,1,-1,True,10,821,0.3106073170895153,0.11363636363636363,1,88,1,1,1,1
145,000272_cam2_0_07.jpg,272,1,-1,True,10,821,0.4103550779286073,0.1111111111111111,1,90,1,1,1,1
146,000272_cam2_0_08.jpg,272,1,-1,True,10,821,0.35950251299088504,0.1282051282051282,2,78,0,1,1,1
147,000272_cam2_0_09.jpg,272,1,-1,True,10,821,0.12191725134482881,0.06896551724137931,6,145,0,0,1,1
148,000272_cam2_0_10.jpg,272,1,-1,True,10,821,0.4015645531879075,0.09345794392523364,1,107,1,1,1,1
149,000272_cam2_0_11.jpg,272,1,-1,True,10,821,0.4652836191953652,0.12048192771084337,1,83,1,1,1,1
150,000272_cam2_0_12.jpg,272,1,-1,True,10,821,0.2902654289310961,0.10101010101010101,2,99,0,1,1,1
151,000272_cam2_0_13.jpg,272,1,-1,True,10,821,1.0,1.0,1,10,1,1,1,1
152,000272_cam2_0_14.jpg,272,1,-1,True,10,821,0.6955790462767207,0.23255813953488372,1,43,1,1,1,1
153,000273_cam1_0_00.jpg,273,0,-1,True,16,826,1.0,1.0,1,16,1,1,1,1
154,000273_cam1_0_01.jpg,273,0,-1,True,16,826,1.0,1.0,1,16,1,1,1,1
155,000273_cam1_0_02.jpg,273,0,-1,True,16,826,1.0,1.0,1,16,1,1,1,1
156,000273_cam1_0_03.jpg,273,0,-1,True,16,826,1.0,1.0,1,16,1,1,1,1
157,000273_cam1_0_04.jpg,273,0,-1,True,16,826,1.0,1.0,1,16,1,1,1,1
158,000273_cam1_0_05.jpg,273,0,-1,True,16,826,1.0,1.0,1,16,1,1,1,1
159,000273_cam1_0_06.jpg,273,0,-1,True,16,826,1.0,1.0,1,16,1,1,1,1
160,000273_cam1_0_07.jpg,273,0,-1,True,16,826,1.0,1.0,1,16,1,1,1,1
161,000273_cam1_0_08.jpg,273,0,-1,True,16,826,1.0,1.0,1,16,1,1,1,1
162,000273_cam1_0_09.jpg,273,0,-1,True,16,826,1.0,1.0,1,16,1,1,1,1
163,000273_cam2_0_00.jpg,273,1,-1,True,10,820,1.0,1.0,1,10,1,1,1,1
164,000273_cam2_0_01.jpg,273,1,-1,True,10,820,1.0,1.0,1,10,1,1,1,1
165,000273_cam2_0_02.jpg,273,1,-1,True,10,820,1.0,1.0,1,10,1,1,1,1
166,000273_cam2_0_03.jpg,273,1,-1,True,10,820,1.0,1.0,1,10,1,1,1,1
167,000273_cam2_0_04.jpg,273,1,-1,True,10,820,1.0,1.0,1,10,1,1,1,1
168,000273_cam2_0_05.jpg,273,1,-1,True,10,820,1.0,1.0,1,10,1,1,1,1
169,000273_cam2_0_06.jpg,273,1,-1,True,10,820,1.0,1.0,1,10,1,1,1,1
170,000273_cam2_0_07.jpg,273,1,-1,True,10,820,1.0,1.0,1,10,1,1,1,1
171,000273_cam2_0_08.jpg,273,1,-1,True,10,820,1.0,1.0,1,10,1,1,1,1
172,000273_cam2_0_09.jpg,273,1,-1,True,10,820,1.0,1.0,1,10,1,1,1,1
173,000273_cam2_0_10.jpg,273,1,-1,True,10,820,1.0,1.0,1,10,1,1,1,1
174,000273_cam2_0_11.jpg,273,1,-1,True,10,820,0.9525,0.625,1,16,1,1,1,1
175,000273_cam2_0_12.jpg,273,1,-1,True,10,820,1.0,1.0,1,10,1,1,1,1
176,000273_cam2_0_13.jpg,273,1,-1,True,10,820,1.0,1.0,1,10,1,1,1,1
177,000273_cam2_0_14.jpg,273,1,-1,True,10,820,0.9909090909090909,0.9090909090909091,1,11,1,1,1,1
178,000273_cam2_0_15.jpg,273,1,-1,True,10,820,1.0,1.0,1,10,1,1,1,1
179,000274_cam1_0_00.jpg,274,0,-1,True,19,825,0.9637618636755825,0.3114754098360656,1,61,1,1,1,1
180,000274_cam1_0_01.jpg,274,0,-1,True,19,825,0.4987034940638283,0.12258064516129032,2,155,0,1,1,1
181,000274_cam1_0_02.jpg,274,0,-1,True,19,825,0.7989603354085067,0.11728395061728394,1,162,1,1,1,1
182,000274_cam1_0_03.jpg,274,0,-1,True,19,825,0.9029289556828326,0.2,1,95,1,1,1,1
183,000274_cam1_0_04.jpg,274,0,-1,True,19,825,0.5926311684365547,0.20430107526881722,1,93,1,1,1,1
184,000274_cam1_0_05.jpg,274,0,-1,True,19,825,0.9080102216325127,0.24358974358974358,1,78,1,1,1,1
185,000274_cam1_0_06.jpg,274,0,-1,True,19,825,0.2494223205913449,0.16379310344827586,2,116,0,1,1,1
186,000274_cam1_0_07.jpg,274,0,-1,True,19,825,0.8175960790970686,0.1958762886597938,1,97,1,1,1,1
187,000274_cam1_0_08.jpg,274,0,-1,True,19,825,0.8531467643591895,0.2638888888888889,1,72,1,1,1,1
188,000274_cam1_0_09.jpg,274,0,-1,True,19,825,0.8665989505850188,0.2878787878787879,1,66,1,1,1,1
189,000274_cam1_0_10.jpg,274,0,-1,True,19,825,0.203405812777106,0.08296943231441048,2,229,0,1,1,1
190,000274_cam2_0_00.jpg,274,1,-1,True,11,817,1.0,1.0,1,11,1,1,1,1
191,000274_cam2_0_01.jpg,274,1,-1,True,11,817,0.7602919234821076,0.06748466257668712,1,163,1,1,1,1
192,000274_cam2_0_02.jpg,274,1,-1,True,11,817,0.8474024745544667,0.102803738317757,1,107,1,1,1,1
193,000274_cam2_0_03.jpg,274,1,-1,True,11,817,0.8604933428917956,0.07801418439716312,1,141,1,1,1,1
194,000274_cam2_0_04.jpg,274,1,-1,True,11,817,0.7570771461548159,0.05339805825242718,1,206,1,1,1,1
195,000274_cam2_0_05.jpg,274,1,-1,True,11,817,0.8958333333333333,0.22916666666666666,1,48,1,1,1,1
196,000274_cam2_0_06.jpg,274,1,-1,True,11,817,0.8491021984551396,0.088,1,125,1,1,1,1
197,000274_cam2_0_07.jpg,274,1,-1,True,11,817,0.861518915866742,0.11956521739130435,1,92,1,1,1,1
198,000274_cam2_0_08.jpg,274,1,-1,True,11,817,0.8795551670551671,0.052884615384615384,1,208,1,1,1,1
199,000274_cam2_0_09.jpg,274,1,-1,True,11,817,0.8790651614181025,0.08148148148148149,1,135,1,1,1,1
200,000274_cam2_0_10.jpg,274,1,-1,True,11,817,0.8573646928390013,0.07971014492753623,1,138,1,1,1,1
201,000274_cam2_0_11.jpg,274,1,-1,True,11,817,0.8037172993184725,0.11827956989247312,1,93,1,1,1,1
202,000274_cam2_0_12.jpg,274,1,-1,True,11,817,0.7120419107739683,0.06432748538011696,1,171,1,1,1,1
203,000274_cam2_0_13.jpg,274,1,-1,True,11,817,0.6567813765182187,0.05263157894736842,1,209,1,1,1,1
204,000274_cam2_0_14.jpg,274,1,-1,True,11,817,0.854821677182381,0.07096774193548387,1,155,1,1,1,1
205,000274_cam2_0_15.jpg,274,1,-1,True,11,817,0.43583703900247506,0.05699481865284974,1,193,1,1,1,1
206,000274_cam2_0_16.jpg,274,1,-1,True,11,817,0.3252453874111628,0.05392156862745098,5,204,0,1,1,1
207,000274_cam2_0_17.jpg,274,1,-1,True,11,817,0.366383578739549,0.05472636815920398,1,201,1,1,1,1
208,000274_cam2_0_18.jpg,274,1,-1,True,11,817,0.13675885947112673,0.05069124423963134,15,217,0,0,0,1
209,000275_cam1_0_00.jpg,275,0,-1,True,15,821,1.0,1.0,1,15,1,1,1,1
210,000275_cam1_0_01.jpg,275,0,-1,True,15,821,1.0,1.0,1,15,1,1,1,1
211,000275_cam1_0_02.jpg,275,0,-1,True,15,821,1.0,1.0,1,15,1,1,1,1
212,000275_cam1_0_03.jpg,275,0,-1,True,15,821,0.8539571150097467,0.6,1,25,1,1,1,1
213,000275_cam1_0_04.jpg,275,0,-1,True,15,821,0.9162590187590187,0.6818181818181818,1,22,1,1,1,1
214,000275_cam1_0_05.jpg,275,0,-1,True,15,821,0.9757936507936509,0.8333333333333334,1,18,1,1,1,1
215,000275_cam1_0_06.jpg,275,0,-1,True,15,821,0.9561904761904761,0.7142857142857143,1,21,1,1,1,1
216,000275_cam1_0_07.jpg,275,0,-1,True,15,821,1.0,1.0,1,15,1,1,1,1
217,000275_cam1_0_08.jpg,275,0,-1,True,15,821,1.0,1.0,1,15,1,1,1,1
218,000275_cam1_0_09.jpg,275,0,-1,True,15,821,1.0,1.0,1,15,1,1,1,1
219,000275_cam1_0_10.jpg,275,0,-1,True,15,821,1.0,1.0,1,15,1,1,1,1
220,000275_cam1_0_11.jpg,275,0,-1,True,15,821,1.0,1.0,1,15,1,1,1,1
221,000275_cam1_0_12.jpg,275,0,-1,True,15,821,0.9757936507936509,0.8333333333333334,1,18,1,1,1,1
222,000275_cam1_0_13.jpg,275,0,-1,True,15,821,0.9921568627450981,0.8823529411764706,1,17,1,1,1,1
223,000275_cam1_0_14.jpg,275,0,-1,True,15,821,0.9958333333333333,0.9375,1,16,1,1,1,1
224,000275_cam2_0_00.jpg,275,1,-1,True,15,821,0.9958333333333333,0.9375,1,16,1,1,1,1
225,000275_cam2_0_01.jpg,275,1,-1,True,15,821,0.8969157722301737,0.5172413793103449,1,29,1,1,1,1
226,000275_cam2_0_02.jpg,275,1,-1,True,15,821,0.9844444444444445,0.8333333333333334,1,18,1,1,1,1
227,000275_cam2_0_03.jpg,275,1,-1,True,15,821,0.9665384615384617,0.8333333333333334,1,18,1,1,1,1
228,000275_cam2_0_04.jpg,275,1,-1,True,15,821,0.9913888888888889,0.9375,1,16,1,1,1,1
229,000275_cam2_0_05.jpg,275,1,-1,True,15,821,0.9921568627450981,0.8823529411764706,1,17,1,1,1,1
230,000275_cam2_0_06.jpg,275,1,-1,True,15,821,0.8185024803257623,0.4838709677419355,1,31,1,1,1,1
231,000275_cam2_0_07.jpg,275,1,-1,True,15,821,0.9260598660598661,0.5357142857142857,1,28,1,1,1,1
232,000275_cam2_0_08.jpg,275,1,-1,True,15,821,0.8136044347809055,0.6,1,25,1,1,1,1
233,000275_cam2_0_09.jpg,275,1,-1,True,15,821,1.0,1.0,1,15,1,1,1,1
234,000275_cam2_0_10.jpg,275,1,-1,True,15,821,1.0,1.0,1,15,1,1,1,1
235,000275_cam2_0_11.jpg,275,1,-1,True,15,821,1.0,1.0,1,15,1,1,1,1
236,000275_cam2_0_12.jpg,275,1,-1,True,15,821,1.0,1.0,1,15,1,1,1,1
237,000275_cam2_0_13.jpg,275,1,-1,True,15,821,1.0,1.0,1,15,1,1,1,1
238,000275_cam2_0_14.jpg,275,1,-1,True,15,821,1.0,1.0,1,15,1,1,1,1
239,000276_cam1_0_00.jpg,276,0,-1,True,15,821,0.9844444444444445,0.8333333333333334,1,18,1,1,1,1
240,000276_cam1_0_01.jpg,276,0,-1,True,15,821,0.21795440218318463,0.18292682926829268,8,82,0,0,1,1
241,000276_cam1_0_02.jpg,276,0,-1,True,15,821,0.1514252358072113,0.14563106796116504,21,103,0,0,0,0
242,000276_cam1_0_03.jpg,276,0,-1,True,15,821,0.9201271704573245,0.3191489361702128,1,47,1,1,1,1
243,000276_cam1_0_04.jpg,276,0,-1,True,15,821,0.9005070876835582,0.5,1,30,1,1,1,1
244,000276_cam1_0_05.jpg,276,0,-1,True,15,821,0.8977777777777778,0.4166666666666667,1,36,1,1,1,1
245,000276_cam1_0_06.jpg,276,0,-1,True,15,821,0.8299089531326375,0.46875,1,32,1,1,1,1
246,000276_cam1_0_07.jpg,276,0,-1,True,15,821,0.8571509971509973,0.2777777777777778,1,54,1,1,1,1
247,000276_cam1_0_08.jpg,276,0,-1,True,15,821,0.3585324870550541,0.10067114093959731,1,149,1,1,1,1
248,000276_cam1_0_09.jpg,276,0,-1,True,15,821,0.5958811554154804,0.35714285714285715,1,42,1,1,1,1
249,000276_cam1_0_10.jpg,276,0,-1,True,15,821,0.2886898411298759,0.12195121951219512,4,123,0,1,1,1
250,000276_cam1_0_11.jpg,276,0,-1,True,15,821,0.3498262307076222,0.15306122448979592,4,98,0,1,1,1
251,000276_cam1_0_12.jpg,276,0,-1,True,15,821,0.30676861862345084,0.12605042016806722,4,119,0,1,1,1
252,000276_cam1_0_13.jpg,276,0,-1,True,15,821,0.5986277173614653,0.16483516483516483,1,91,1,1,1,1
253,000276_cam1_0_14.jpg,276,0,-1,True,15,821,0.8931406556406557,0.6,1,25,1,1,1,1
254,000276_cam2_0_00.jpg,276,1,-1,True,15,821,0.31197104320309743,0.40540540540540543,11,37,0,0,0,1
255,000276_cam2_0_01.jpg,276,1,-1,True,15,821,0.30543935517803183,0.28846153846153844,5,52,0,1,1,1
256,000276_cam2_0_02.jpg,276,1,-1,True,15,821,0.5717239019386142,0.36585365853658536,1,41,1,1,1,1
257,000276_cam2_0_03.jpg,276,1,-1,True,15,821,0.41526001392384765,0.32608695652173914,1,46,1,1,1,1
258,000276_cam2_0_04.jpg,276,1,-1,True,15,821,0.5229236272828989,0.36585365853658536,1,41,1,1,1,1
259,000276_cam2_0_05.jpg,276,1,-1,True,15,821,0.5801287624899126,0.38461538461538464,1,39,1,1,1,1
260,000276_cam2_0_06.jpg,276,1,-1,True,15,821,0.7676820129761306,0.4411764705882353,1,34,1,1,1,1
261,000276_cam2_0_07.jpg,276,1,-1,True,15,821,0.2554888865918278,0.29411764705882354,8,51,0,0,1,1
262,000276_cam2_0_08.jpg,276,1,-1,True,15,821,0.5765905690581093,0.3488372093023256,1,43,1,1,1,1
263,000276_cam2_0_09.jpg,276,1,-1,True,15,821,0.38459489161626387,0.375,4,40,0,1,1,1
264,000276_cam2_0_10.jpg,276,1,-1,True,15,821,0.6722152672001431,0.45454545454545453,1,33,1,1,1,1
265,000276_cam2_0_11.jpg,276,1,-1,True,15,821,0.6686033250163685,0.5357142857142857,1,28,1,1,1,1
266,000276_cam2_0_12.jpg,276,1,-1,True,15,821,0.4895542805671163,0.5172413793103449,2,29,0,1,1,1
267,000276_cam2_0_13.jpg,276,1,-1,True,15,821,0.3127371314484156,0.28846153846153844,10,52,0,0,1,1
268,000276_cam2_0_14.jpg,276,1,-1,True,15,821,0.6183508268759393,0.46875,1,32,1,1,1,1
269,000277_cam1_0_00.jpg,277,0,-1,True,15,821,0.7772894498024939,0.36585365853658536,1,41,1,1,1,1
270,000277_cam1_0_01.jpg,277,0,-1,True,15,821,0.8669000429000431,0.40540540540540543,1,37,1,1,1,1
271,000277_cam1_0_02.jpg,277,0,-1,True,15,821,0.8326289646026486,0.5769230769230769,1,26,1,1,1,1
272,000277_cam1_0_03.jpg,277,0,-1,True,15,821,0.955952380952381,0.5357142857142857,1,28,1,1,1,1
273,000277_cam1_0_04.jpg,277,0,-1,True,15,821,0.3859742757918825,0.40540540540540543,9,37,0,0,1,1
274,000277_cam1_0_05.jpg,277,0,-1,True,15,821,0.4071955286653093,0.5357142857142857,10,28,0,0,1,1
275,000277_cam1_0_06.jpg,277,0,-1,True,15,821,0.41528066575044625,0.5555555555555556,9,27,0,0,1,1
276,000277_cam1_0_07.jpg,277,0,-1,True,15,821,0.38225854603693693,0.4411764705882353,10,34,0,0,1,1
277,000277_cam1_0_08.jpg,277,0,-1,True,15,821,0.40722363153399177,0.5,5,30,0,1,1,1
278,000277_cam1_0_09.jpg,277,0,-1,True,15,821,0.34446974062848423,0.375,10,40,0,0,1,1
279,000277_cam1_0_10.jpg,277,0,-1,True,15,821,0.42793473482092403,0.5555555555555556,5,27,0,1,1,1
280,000277_cam1_0_11.jpg,277,0,-1,True,15,821,0.43400594047572116,0.42857142857142855,3,35,0,1,1,1
281,000277_cam1_0_12.jpg,277,0,-1,True,15,821,0.4297125125987018,0.5555555555555556,5,27,0,1,1,1
282,000277_cam1_0_13.jpg,277,0,-1,True,15,821,0.5898056367237953,0.625,1,24,1,1,1,1
283,000277_cam1_0_14.jpg,277,0,-1,True,15,821,0.9958333333333333,0.9375,1,16,1,1,1,1
284,000277_cam2_0_00.jpg,277,1,-1,True,15,821,0.269065044262717,0.3,1,50,1,1,1,1
285,000277_cam2_0_01.jpg,277,1,-1,True,15,821,0.5209262941703957,0.39473684210526316,1,38,1,1,1,1
286,000277_cam2_0_02.jpg,277,1,-1,True,15,821,0.8359530900242974,0.5357142857142857,1,28,1,1,1,1
287,000277_cam2_0_03.jpg,277,1,-1,True,15,821,0.34173225943915597,0.3,1,50,1,1,1,1
288,000277_cam2_0_04.jpg,277,1,-1,True,15,821,0.17256119983782392,0.234375,4,64,0,1,1,1
289,000277_cam2_0_05.jpg,277,1,-1,True,15,821,0.269268448900625,0.2777777777777778,1,54,1,1,1,1
290,000277_cam2_0_06.jpg,277,1,-1,True,15,821,0.24998008139813202,0.2542372881355932,1,59,1,1,1,1
291,000277_cam2_0_07.jpg,277,1,-1,True,15,821,0.29914111637518526,0.28846153846153844,1,52,1,1,1,1
292,000277_cam2_0_08.jpg,277,1,-1,True,15,821,0.42648783667306717,0.3191489361702128,1,47,1,1,1,1
293,000277_cam2_0_09.jpg,277,1,-1,True,15,821,0.6769769119769119,0.6,1,25,1,1,1,1
294,000277_cam2_0_10.jpg,277,1,-1,True,15,821,0.9958333333333333,0.9375,1,16,1,1,1,1
295,000277_cam2_0_11.jpg,277,1,-1,True,15,821,0.9888888888888889,0.8333333333333334,1,18,1,1,1,1
296,000277_cam2_0_12.jpg,277,1,-1,True,15,821,1.0,1.0,1,15,1,1,1,1
297,000277_cam2_0_13.jpg,277,1,-1,True,15,821,1.0,1.0,1,15,1,1,1,1
298,000277_cam2_0_14.jpg,277,1,-1,True,15,821,0.8848626373626375,0.625,1,24,1,1,1,1
299,000278_cam1_0_00.jpg,278,0,-1,True,15,821,0.09420501972421111,0.10273972602739725,29,146,0,0,0,0
300,000278_cam1_0_01.jpg,278,0,-1,True,15,821,0.09584307826182885,0.1111111111111111,28,135,0,0,0,0
301,000278_cam1_0_02.jpg,278,0,-1,True,15,821,0.11932476470842351,0.13636363636363635,22,110,0,0,0,0
302,000278_cam1_0_03.jpg,278,0,-1,True,15,821,0.13031738451981584,0.13157894736842105,22,114,0,0,0,0
303,000278_cam1_0_04.jpg,278,0,-1,True,15,821,0.12170697413017846,0.17045454545454544,28,88,0,0,0,0
304,000278_cam1_0_05.jpg,278,0,-1,True,15,821,0.1469200784587246,0.16853932584269662,22,89,0,0,0,0
305,000278_cam1_0_06.jpg,278,0,-1,True,15,821,0.15493956790437907,0.19230769230769232,19,78,0,0,0,1
306,000278_cam1_0_07.jpg,278,0,-1,True,15,821,0.1645392001410121,0.19736842105263158,18,76,0,0,0,1
307,000278_cam1_0_08.jpg,278,0,-1,True,15,821,0.14152374725403655,0.189873417721519,24,79,0,0,0,0
308,000278_cam1_0_09.jpg,278,0,-1,True,15,821,0.12066383463274814,0.14705882352941177,35,102,0,0,0,0
309,000278_cam1_0_10.jpg,278,0,-1,True,15,821,0.19033350051112,0.25862068965517243,19,58,0,0,0,1
310,000278_cam1_0_11.jpg,278,0,-1,True,15,821,0.16372819525700788,0.2631578947368421,27,57,0,0,0,0
311,000278_cam1_0_12.jpg,278,0,-1,True,15,821,0.2883369881684771,0.3,3,50,0,1,1,1
312,000278_cam1_0_13.jpg,278,0,-1,True,15,821,0.21393270999872083,0.2777777777777778,5,54,0,1,1,1
313,000278_cam1_0_14.jpg,278,0,-1,True,15,821,0.2597663130506268,0.28846153846153844,7,52,0,0,1,1
314,000278_cam2_0_00.jpg,278,1,-1,True,15,821,0.06987593763364387,0.03694581280788178,20,406,0,0,0,1
315,000278_cam2_0_01.jpg,278,1,-1,True,15,821,0.0460819532317475,0.03722084367245657,40,403,0,0,0,0
316,000278_cam2_0_02.jpg,278,1,-1,True,15,821,0.05016157478126148,0.04477611940298507,50,335,0,0,0,0
317,000278_cam2_0_03.jpg,278,1,-1,True,15,821,0.06379987437615504,0.04437869822485207,33,338,0,0,0,0
318,000278_cam2_0_04.jpg,278,1,-1,True,15,821,0.047043329464710196,0.03325942350332594,37,451,0,0,0,0
319,000278_cam2_0_05.jpg,278,1,-1,True,15,821,0.09377561593110924,0.06726457399103139,25,223,0,0,0,0
320,000278_cam2_0_06.jpg,278,1,-1,True,15,821,0.05488113341414001,0.046296296296296294,29,324,0,0,0,0
321,000278_cam2_0_07.jpg,278,1,-1,True,15,821,0.181832817927649,0.15151515151515152,15,99,0,0,0,1
322,000278_cam2_0_08.jpg,278,1,-1,True,15,821,0.10115619744492198,0.10714285714285714,23,140,0,0,0,0
323,000278_cam2_0_09.jpg,278,1,-1,True,15,821,0.05921290414689505,0.05226480836236934,43,287,0,0,0,0
324,000278_cam2_0_10.jpg,278,1,-1,True,15,821,0.07622763266052884,0.07653061224489796,45,196,0,0,0,0
325,000278_cam2_0_11.jpg,278,1,-1,True,15,821,0.053579394848646454,0.048859934853420196,51,307,0,0,0,0
326,000278_cam2_0_12.jpg,278,1,-1,True,15,821,0.05448985251927807,0.05976095617529881,51,251,0,0,0,0
327,000278_cam2_0_13.jpg,278,1,-1,True,15,821,0.08341628431163722,0.10948905109489052,42,137,0,0,0,0
328,000278_cam2_0_14.jpg,278,1,-1,True,15,821,0.04906652003967122,0.04643962848297214,41,323,0,0,0,0
329,000279_cam1_0_00.jpg,279,0,-1,True,21,828,1.0,1.0,1,21,1,1,1,1
330,000279_cam1_0_01.jpg,279,0,-1,True,21,828,1.0,1.0,1,21,1,1,1,1
331,000279_cam1_0_02.jpg,279,0,-1,True,21,828,0.9978354978354977,0.9545454545454546,1,22,1,1,1,1
332,000279_cam1_0_03.jpg,279,0,-1,True,21,828,0.9978354978354977,0.9545454545454546,1,22,1,1,1,1
333,000279_cam1_0_04.jpg,279,0,-1,True,21,828,1.0,1.0,1,21,1,1,1,1
334,000279_cam1_0_05.jpg,279,0,-1,True,21,828,0.9978354978354977,0.9545454545454546,1,22,1,1,1,1
335,000279_cam1_0_06.jpg,279,0,-1,True,21,828,0.9978354978354977,0.9545454545454546,1,22,1,1,1,1
336,000279_cam1_0_07.jpg,279,0,-1,True,21,828,1.0,1.0,1,21,1,1,1,1
337,000279_cam2_0_00.jpg,279,1,-1,True,8,815,1.0,1.0,1,8,1,1,1,1
338,000279_cam2_0_01.jpg,279,1,-1,True,8,815,1.0,1.0,1,8,1,1,1,1
339,000279_cam2_0_02.jpg,279,1,-1,True,8,815,0.9861111111111112,0.8888888888888888,1,9,1,1,1,1
340,000279_cam2_0_03.jpg,279,1,-1,True,8,815,1.0,1.0,1,8,1,1,1,1
341,000279_cam2_0_04.jpg,279,1,-1,True,8,815,0.9861111111111112,0.8888888888888888,1,9,1,1,1,1
342,000279_cam2_0_05.jpg,279,1,-1,True,8,815,1.0,1.0,1,8,1,1,1,1
343,000279_cam2_0_06.jpg,279,1,-1,True,8,815,1.0,1.0,1,8,1,1,1,1
344,000279_cam2_0_07.jpg,279,1,-1,True,8,815,1.0,1.0,1,8,1,1,1,1
345,000279_cam2_0_08.jpg,279,1,-1,True,8,815,1.0,1.0,1,8,1,1,1,1
346,000279_cam2_0_09.jpg,279,1,-1,True,8,815,1.0,1.0,1,8,1,1,1,1
347,000279_cam2_0_10.jpg,279,1,-1,True,8,815,1.0,1.0,1,8,1,1,1,1
348,000279_cam2_0_11.jpg,279,1,-1,True,8,815,1.0,1.0,1,8,1,1,1,1
349,000279_cam2_0_12.jpg,279,1,-1,True,8,815,1.0,1.0,1,8,1,1,1,1
350,000279_cam2_0_13.jpg,279,1,-1,True,8,815,1.0,1.0,1,8,1,1,1,1
351,000279_cam2_0_14.jpg,279,1,-1,True,8,815,1.0,1.0,1,8,1,1,1,1
352,000279_cam2_0_15.jpg,279,1,-1,True,8,815,1.0,1.0,1,8,1,1,1,1
353,000279_cam2_0_16.jpg,279,1,-1,True,8,815,1.0,1.0,1,8,1,1,1,1
354,000279_cam2_0_17.jpg,279,1,-1,True,8,815,1.0,1.0,1,8,1,1,1,1
355,000279_cam2_0_18.jpg,279,1,-1,True,8,815,1.0,1.0,1,8,1,1,1,1
356,000279_cam2_0_19.jpg,279,1,-1,True,8,815,1.0,1.0,1,8,1,1,1,1
357,000279_cam2_0_20.jpg,279,1,-1,True,8,815,1.0,1.0,1,8,1,1,1,1
358,000280_cam1_0_00.jpg,280,0,-1,True,21,828,0.8346898083967049,0.4666666666666667,1,45,1,1,1,1
359,000280_cam1_0_01.jpg,280,0,-1,True,21,828,0.4390545071945295,0.2876712328767123,1,73,1,1,1,1
360,000280_cam1_0_02.jpg,280,0,-1,True,21,828,0.1275048406465903,0.09722222222222222,8,216,0,0,1,1
361,000280_cam1_0_03.jpg,280,0,-1,True,21,828,0.5029228680011014,0.1640625,1,128,1,1,1,1
362,000280_cam1_0_04.jpg,280,0,-1,True,21,828,0.7576398528548489,0.38181818181818183,1,55,1,1,1,1
363,000280_cam1_0_05.jpg,280,0,-1,True,21,828,0.7792800904515796,0.21649484536082475,1,97,1,1,1,1
364,000280_cam1_0_06.jpg,280,0,-1,True,21,828,0.7569624495386399,0.3684210526315789,1,57,1,1,1,1
365,000280_cam1_0_07.jpg,280,0,-1,True,21,828,0.6139982660903771,0.2876712328767123,1,73,1,1,1,1
366,000280_cam2_0_00.jpg,280,1,-1,True,8,815,0.453078810809074,0.14035087719298245,1,57,1,1,1,1
367,000280_cam2_0_01.jpg,280,1,-1,True,8,815,0.38471482525758843,0.14035087719298245,1,57,1,1,1,1
368,000280_cam2_0_02.jpg,280,1,-1,True,8,815,0.4681963869463869,0.12121212121212122,1,66,1,1,1,1
369,000280_cam2_0_03.jpg,280,1,-1,True,8,815,0.9375,0.5,1,16,1,1,1,1
370,000280_cam2_0_04.jpg,280,1,-1,True,8,815,0.9861111111111112,0.8888888888888888,1,9,1,1,1,1
371,000280_cam2_0_05.jpg,280,1,-1,True,8,815,1.0,1.0,1,8,1,1,1,1
372,000280_cam2_0_06.jpg,280,1,-1,True,8,815,0.8108134920634921,0.4444444444444444,1,18,1,1,1,1
373,000280_cam2_0_07.jpg,280,1,-1,True,8,815,0.9861111111111112,0.8888888888888888,1,9,1,1,1,1
374,000280_cam2_0_08.jpg,280,1,-1,True,8,815,0.9861111111111112,0.8888888888888888,1,9,1,1,1,1
375,000280_cam2_0_09.jpg,280,1,-1,True,8,815,1.0,1.0,1,8,1,1,1,1
376,000280_cam2_0_10.jpg,280,1,-1,True,8,815,0.9861111111111112,0.8888888888888888,1,9,1,1,1,1
377,000280_cam2_0_11.jpg,280,1,-1,True,8,815,0.9861111111111112,0.8888888888888888,1,9,1,1,1,1
378,000280_cam2_0_12.jpg,280,1,-1,True,8,815,0.9362980769230769,0.6153846153846154,1,13,1,1,1,1
379,000280_cam2_0_13.jpg,280,1,-1,True,8,815,0.8308531746031746,0.2857142857142857,1,28,1,1,1,1
380,000280_cam2_0_14.jpg,280,1,-1,True,8,815,0.8403624661246613,0.1951219512195122,1,41,1,1,1,1
381,000280_cam2_0_15.jpg,280,1,-1,True,8,815,0.7164419934640522,0.11764705882352941,1,68,1,1,1,1
382,000280_cam2_0_16.jpg,280,1,-1,True,8,815,0.8654040404040404,0.14545454545454545,1,55,1,1,1,1
383,000280_cam2_0_17.jpg,280,1,-1,True,8,815,0.9166666666666666,0.3333333333333333,1,24,1,1,1,1
384,000280_cam2_0_18.jpg,280,1,-1,True,8,815,0.8926767676767677,0.36363636363636365,1,22,1,1,1,1
385,000280_cam2_0_19.jpg,280,1,-1,True,8,815,0.8295454545454546,0.25,1,32,1,1,1,1
386,000280_cam2_0_20.jpg,280,1,-1,True,8,815,0.9226190476190477,0.38095238095238093,1,21,1,1,1,1
387,000282_cam1_0_00.jpg,282,0,-1,True,17,823,1.0,1.0,1,17,1,1,1,1
388,000282_cam1_0_01.jpg,282,0,-1,True,17,823,1.0,1.0,1,17,1,1,1,1
389,000282_cam1_0_02.jpg,282,0,-1,True,17,823,0.9866713713349117,0.8947368421052632,1,19,1,1,1,1
390,000282_cam1_0_03.jpg,282,0,-1,True,17,823,1.0,1.0,1,17,1,1,1,1
391,000282_cam1_0_04.jpg,282,0,-1,True,17,823,1.0,1.0,1,17,1,1,1,1
392,000282_cam1_0_05.jpg,282,0,-1,True,17,823,1.0,1.0,1,17,1,1,1,1
393,000282_cam1_0_06.jpg,282,0,-1,True,17,823,1.0,1.0,1,17,1,1,1,1
394,000282_cam1_0_07.jpg,282,0,-1,True,17,823,1.0,1.0,1,17,1,1,1,1
395,000282_cam1_0_08.jpg,282,0,-1,True,17,823,0.9932718185313341,0.9444444444444444,1,18,1,1,1,1
396,000282_cam1_0_09.jpg,282,0,-1,True,17,823,1.0,1.0,1,17,1,1,1,1
397,000282_cam1_0_10.jpg,282,0,-1,True,17,823,1.0,1.0,1,17,1,1,1,1
398,000282_cam1_0_11.jpg,282,0,-1,True,17,823,1.0,1.0,1,17,1,1,1,1
399,000282_cam1_0_12.jpg,282,0,-1,True,17,823,1.0,1.0,1,17,1,1,1,1
400,000282_cam2_0_00.jpg,282,1,-1,True,13,819,1.0,1.0,1,13,1,1,1,1
401,000282_cam2_0_01.jpg,282,1,-1,True,13,819,1.0,1.0,1,13,1,1,1,1
402,000282_cam2_0_02.jpg,282,1,-1,True,13,819,1.0,1.0,1,13,1,1,1,1
403,000282_cam2_0_03.jpg,282,1,-1,True,13,819,0.9945054945054945,0.9285714285714286,1,14,1,1,1,1
404,000282_cam2_0_04.jpg,282,1,-1,True,13,819,1.0,1.0,1,13,1,1,1,1
405,000282_cam2_0_05.jpg,282,1,-1,True,13,819,1.0,1.0,1,13,1,1,1,1
406,000282_cam2_0_06.jpg,282,1,-1,True,13,819,1.0,1.0,1,13,1,1,1,1
407,000282_cam2_0_07.jpg,282,1,-1,True,13,819,1.0,1.0,1,13,1,1,1,1
408,000282_cam2_0_08.jpg,282,1,-1,True,13,819,1.0,1.0,1,13,1,1,1,1
409,000282_cam2_0_09.jpg,282,1,-1,True,13,819,1.0,1.0,1,13,1,1,1,1
410,000282_cam2_0_10.jpg,282,1,-1,True,13,819,1.0,1.0,1,13,1,1,1,1
411,000282_cam2_0_11.jpg,282,1,-1,True,13,819,1.0,1.0,1,13,1,1,1,1
412,000282_cam2_0_12.jpg,282,1,-1,True,13,819,1.0,1.0,1,13,1,1,1,1
413,000282_cam2_0_13.jpg,282,1,-1,True,13,819,1.0,1.0,1,13,1,1,1,1
414,000282_cam2_0_14.jpg,282,1,-1,True,13,819,1.0,1.0,1,13,1,1,1,1
415,000282_cam2_0_15.jpg,282,1,-1,True,13,819,1.0,1.0,1,13,1,1,1,1
416,000282_cam2_0_16.jpg,282,1,-1,True,13,819,1.0,1.0,1,13,1,1,1,1
417,000283_cam1_0_00.jpg,283,0,-1,True,15,822,0.7341411964704316,0.3191489361702128,1,47,1,1,1,1
418,000283_cam1_0_01.jpg,283,0,-1,True,15,822,0.58894021021214,0.2631578947368421,1,57,1,1,1,1
419,000283_cam1_0_02.jpg,283,0,-1,True,15,822,0.5270704492637858,0.1875,1,80,1,1,1,1
420,000283_cam1_0_03.jpg,283,0,-1,True,15,822,0.8233324862272231,0.2777777777777778,1,54,1,1,1,1
421,000283_cam1_0_04.jpg,283,0,-1,True,15,822,0.9417290226113756,0.625,1,24,1,1,1,1
422,000283_cam1_0_05.jpg,283,0,-1,True,15,822,0.8805685666043722,0.5769230769230769,1,26,1,1,1,1
423,000283_cam1_0_06.jpg,283,0,-1,True,15,822,0.8043025935340926,0.35714285714285715,1,42,1,1,1,1
424,000283_cam1_0_07.jpg,283,0,-1,True,15,822,0.7075798364573591,0.2830188679245283,1,53,1,1,1,1
425,000283_cam1_0_08.jpg,283,0,-1,True,15,822,0.6041228325099294,0.20270270270270271,1,74,1,1,1,1
426,000283_cam1_0_09.jpg,283,0,-1,True,15,822,0.5320935305727271,0.17045454545454544,1,88,1,1,1,1
427,000283_cam1_0_10.jpg,283,0,-1,True,15,822,0.5483226245521328,0.2459016393442623,1,61,1,1,1,1
428,000283_cam1_0_11.jpg,283,0,-1,True,15,822,0.7989597345529549,0.2542372881355932,1,59,1,1,1,1
429,000283_cam1_0_12.jpg,283,0,-1,True,15,822,0.8268508444558866,0.15306122448979592,1,98,1,1,1,1
430,000283_cam1_0_13.jpg,283,0,-1,True,15,822,0.3873561808928387,0.234375,7,64,0,0,1,1
431,000283_cam2_0_00.jpg,283,1,-1,True,14,821,0.12427036906636099,0.09271523178807947,3,151,0,1,1,1
432,000283_cam2_0_01.jpg,283,1,-1,True,14,821,0.314895546212452,0.19718309859154928,1,71,1,1,1,1
433,000283_cam2_0_02.jpg,283,1,-1,True,14,821,0.12946698695120515,0.1308411214953271,4,107,0,1,1,1
434,000283_cam2_0_03.jpg,283,1,-1,True,14,821,0.2224243540249083,0.16091954022988506,1,87,1,1,1,1
435,000283_cam2_0_04.jpg,283,1,-1,True,14,821,0.47975509098908914,0.2641509433962264,1,53,1,1,1,1
436,000283_cam2_0_05.jpg,283,1,-1,True,14,821,0.4390037088961349,0.23728813559322035,1,59,1,1,1,1
437,000283_cam2_0_06.jpg,283,1,-1,True,14,821,0.43089644228496793,0.42424242424242425,2,33,0,1,1,1
438,000283_cam2_0_07.jpg,283,1,-1,True,14,821,0.34036976209892333,0.25925925925925924,4,54,0,1,1,1
439,000283_cam2_0_08.jpg,283,1,-1,True,14,821,0.38906507053831124,0.30434782608695654,1,46,1,1,1,1
440,000283_cam2_0_09.jpg,283,1,-1,True,14,821,0.5911575685644009,0.5,1,28,1,1,1,1
441,000283_cam2_0_10.jpg,283,1,-1,True,14,821,0.5743840630657857,0.2153846153846154,1,65,1,1,1,1
442,000283_cam2_0_11.jpg,283,1,-1,True,14,821,0.13805962957827705,0.15730337078651685,11,89,0,0,0,1
443,000283_cam2_0_12.jpg,283,1,-1,True,14,821,0.38703187027214003,0.3783783783783784,5,37,0,1,1,1
444,000283_cam2_0_13.jpg,283,1,-1,True,14,821,0.6500297002859116,0.56,1,25,1,1,1,1
445,000283_cam2_0_14.jpg,283,1,-1,True,14,821,0.8486009816674842,0.4827586206896552,1,29,1,1,1,1
446,000284_cam1_0_00.jpg,284,0,-1,True,15,825,0.4616434628839949,0.189873417721519,1,79,1,1,1,1
447,000284_cam1_0_01.jpg,284,0,-1,True,15,825,0.5035442431179572,0.22388059701492538,1,67,1,1,1,1
448,000284_cam1_0_02.jpg,284,0,-1,True,15,825,0.6815617062675886,0.42857142857142855,1,35,1,1,1,1
449,000284_cam1_0_03.jpg,284,0,-1,True,15,825,0.6363424293571353,0.4166666666666667,1,36,1,1,1,1
450,000284_cam1_0_04.jpg,284,0,-1,True,15,825,0.7605486014959699,0.3409090909090909,1,44,1,1,1,1
451,000284_cam1_0_05.jpg,284,0,-1,True,15,825,0.8156990231990232,0.42857142857142855,1,35,1,1,1,1
452,000284_cam1_0_06.jpg,284,0,-1,True,15,825,0.8211422446948764,0.42857142857142855,1,35,1,1,1,1
453,000284_cam1_0_07.jpg,284,0,-1,True,15,825,0.9765079365079364,0.7142857142857143,1,21,1,1,1,1
454,000284_cam1_0_08.jpg,284,0,-1,True,15,825,0.8674652036416745,0.42857142857142855,1,35,1,1,1,1
455,000284_cam1_0_09.jpg,284,0,-1,True,15,825,0.9333679283679285,0.5555555555555556,1,27,1,1,1,1
456,000284_cam1_0_10.jpg,284,0,-1,True,15,825,0.8245321637426901,0.39473684210526316,1,38,1,1,1,1
457,000284_cam2_0_00.jpg,284,1,-1,True,11,821,0.3680357695247978,0.24444444444444444,6,45,0,0,1,1
458,000284_cam2_0_01.jpg,284,1,-1,True,11,821,0.33875574811403686,0.28205128205128205,6,39,0,0,1,1
459,000284_cam2_0_02.jpg,284,1,-1,True,11,821,0.5696701446701445,0.36666666666666664,1,30,1,1,1,1
460,000284_cam2_0_03.jpg,284,1,-1,True,11,821,0.7044570580934217,0.21153846153846154,1,52,1,1,1,1
461,000284_cam2_0_04.jpg,284,1,-1,True,11,821,0.39146571921327594,0.3793103448275862,6,29,0,0,1,1
462,000284_cam2_0_05.jpg,284,1,-1,True,11,821,0.2668245547064546,0.19642857142857142,8,56,0,0,1,1
463,000284_cam2_0_06.jpg,284,1,-1,True,11,821,0.7998685954568306,0.6470588235294118,1,17,1,1,1,1
464,000284_cam2_0_07.jpg,284,1,-1,True,11,821,0.5883738483738484,0.44,1,25,1,1,1,1
465,000284_cam2_0_08.jpg,284,1,-1,True,11,821,0.26848334758029424,0.1774193548387097,8,62,0,0,1,1
466,000284_cam2_0_09.jpg,284,1,-1,True,11,821,0.3092579888615694,0.18333333333333332,7,60,0,0,1,1
467,000284_cam2_0_10.jpg,284,1,-1,True,11,821,0.5135382701365105,0.3333333333333333,1,33,1,1,1,1
468,000284_cam2_0_11.jpg,284,1,-1,True,11,821,0.40246950019677286,0.36666666666666664,4,30,0,1,1,1
469,000284_cam2_0_12.jpg,284,1,-1,True,11,821,0.5164879312606585,0.4583333333333333,2,24,0,1,1,1
470,000284_cam2_0_13.jpg,284,1,-1,True,11,821,0.7784597977779797,0.6875,1,16,1,1,1,1
471,000284_cam2_0_14.jpg,284,1,-1,True,11,821,0.9109061393152301,0.6875,1,16,1,1,1,1
472,000285_cam1_0_00.jpg,285,0,-1,True,11,823,0.8164081087994131,0.4782608695652174,1,23,1,1,1,1
473,000285_cam1_0_01.jpg,285,0,-1,True,11,823,0.9244755244755246,0.5,1,22,1,1,1,1
474,000285_cam1_0_02.jpg,285,0,-1,True,11,823,0.7811397383978029,0.3548387096774194,1,31,1,1,1,1
475,000285_cam1_0_03.jpg,285,0,-1,True,11,823,0.953063098517644,0.7857142857142857,1,14,1,1,1,1
476,000285_cam1_0_04.jpg,285,0,-1,True,11,823,1.0,1.0,1,11,1,1,1,1
477,000285_cam1_0_05.jpg,285,0,-1,True,11,823,1.0,1.0,1,11,1,1,1,1
478,000285_cam1_0_06.jpg,285,0,-1,True,11,823,1.0,1.0,1,11,1,1,1,1
479,000285_cam1_0_07.jpg,285,0,-1,True,11,823,1.0,1.0,1,11,1,1,1,1
480,000285_cam1_0_08.jpg,285,0,-1,True,11,823,0.9924242424242423,0.9166666666666666,1,12,1,1,1,1
481,000285_cam1_0_09.jpg,285,0,-1,True,11,823,1.0,1.0,1,11,1,1,1,1
482,000285_cam1_0_10.jpg,285,0,-1,True,11,823,0.9674931129476583,0.7333333333333333,1,15,1,1,1,1
483,000285_cam1_0_11.jpg,285,0,-1,True,11,823,0.9303030303030304,0.6111111111111112,1,18,1,1,1,1
484,000285_cam1_0_12.jpg,285,0,-1,True,11,823,0.9777495232040686,0.8461538461538461,1,13,1,1,1,1
485,000285_cam2_0_00.jpg,285,1,-1,True,13,825,0.14739579683127318,0.14285714285714285,18,91,0,0,0,1
486,000285_cam2_0_01.jpg,285,1,-1,True,13,825,0.5402775875183903,0.4642857142857143,1,28,1,1,1,1
487,000285_cam2_0_02.jpg,285,1,-1,True,13,825,0.36962986408552084,0.4482758620689655,4,29,0,1,1,1
488,000285_cam2_0_03.jpg,285,1,-1,True,13,825,0.23052578296386347,0.21666666666666667,10,60,0,0,1,1
489,000285_cam2_0_04.jpg,285,1,-1,True,13,825,0.37417529241637426,0.4482758620689655,4,29,0,1,1,1
490,000285_cam2_0_05.jpg,285,1,-1,True,13,825,0.7400658299896771,0.41935483870967744,1,31,1,1,1,1
491,000285_cam2_0_06.jpg,285,1,-1,True,13,825,0.7353129866085332,0.52,1,25,1,1,1,1
492,000285_cam2_0_07.jpg,285,1,-1,True,13,825,0.6713196334100532,0.4482758620689655,1,29,1,1,1,1
493,000285_cam2_0_08.jpg,285,1,-1,True,13,825,0.7739904769122317,0.3023255813953488,1,43,1,1,1,1
494,000285_cam2_0_09.jpg,285,1,-1,True,13,825,0.3515288004515119,0.3170731707317073,4,41,0,1,1,1
495,000285_cam2_0_10.jpg,285,1,-1,True,13,825,0.42404103304764174,0.28888888888888886,1,45,1,1,1,1
496,000286_cam1_0_00.jpg,286,0,-1,True,10,823,0.08660498685000613,0.08196721311475409,5,122,0,1,1,1
497,000286_cam1_0_01.jpg,286,0,-1,True,10,823,0.23594119409781658,0.136986301369863,1,73,1,1,1,1
498,000286_cam1_0_02.jpg,286,0,-1,True,10,823,0.14420046283862648,0.10638297872340426,2,94,0,1,1,1
499,000286_cam1_0_03.jpg,286,0,-1,True,10,823,0.25555047773842615,0.19607843137254902,1,51,1,1,1,1
500,000286_cam1_0_04.jpg,286,0,-1,True,10,823,0.0928116144328312,0.09803921568627451,9,102,0,0,1,1
501,000286_cam1_0_05.jpg,286,0,-1,True,10,823,0.12301080921317926,0.11627906976744186,4,86,0,1,1,1
502,000286_cam1_0_06.jpg,286,0,-1,True,10,823,0.1252834876279662,0.12658227848101267,3,79,0,1,1,1
503,000286_cam1_0_07.jpg,286,0,-1,True,10,823,0.24758653925490198,0.14705882352941177,1,68,1,1,1,1
504,000286_cam1_0_08.jpg,286,0,-1,True,10,823,0.08905990113296723,0.09803921568627451,5,102,0,1,1,1
505,000286_cam1_0_09.jpg,286,0,-1,True,10,823,0.09317893522487217,0.08928571428571429,4,112,0,1,1,1
506,000286_cam1_0_10.jpg,286,0,-1,True,10,823,0.20838588701462216,0.10989010989010989,1,91,1,1,1,1
507,000286_cam1_0_11.jpg,286,0,-1,True,10,823,0.23455849507371754,0.16393442622950818,1,61,1,1,1,1
508,000286_cam1_0_12.jpg,286,0,-1,True,10,823,0.14477477808903386,0.14925373134328357,3,67,0,1,1,1
509,000286_cam2_0_00.jpg,286,1,-1,True,13,826,0.03711029242787482,0.050980392156862744,97,255,0,0,0,0
510,000286_cam2_0_01.jpg,286,1,-1,True,13,826,0.04241705839904912,0.055793991416309016,84,233,0,0,0,0
511,000286_cam2_0_02.jpg,286,1,-1,True,13,826,0.03594962478378071,0.04980842911877394,99,261,0,0,0,0
512,000286_cam2_0_03.jpg,286,1,-1,True,13,826,0.051313936897304416,0.06878306878306878,70,189,0,0,0,0
513,000286_cam2_0_04.jpg,286,1,-1,True,13,826,0.052901089474366406,0.06310679611650485,55,206,0,0,0,0
514,000286_cam2_0_05.jpg,286,1,-1,True,13,826,0.04892682997754802,0.06598984771573604,88,197,0,0,0,0
515,000286_cam2_0_06.jpg,286,1,-1,True,13,826,0.042976898638814445,0.052,69,250,0,0,0,0
516,000286_cam2_0_07.jpg,286,1,-1,True,13,826,0.07966425409092633,0.1015625,46,128,0,0,0,0
517,000286_cam2_0_08.jpg,286,1,-1,True,13,826,0.095094375639705,0.104,31,125,0,0,0,0
518,000286_cam2_0_09.jpg,286,1,-1,True,13,826,0.20601057181207197,0.203125,9,64,0,0,1,1
519,000287_cam1_0_00.jpg,287,0,-1,True,14,822,1.0,1.0,1,14,1,1,1,1
520,000287_cam1_0_01.jpg,287,0,-1,True,14,822,1.0,1.0,1,14,1,1,1,1
521,000287_cam1_0_02.jpg,287,0,-1,True,14,822,1.0,1.0,1,14,1,1,1,1
522,000287_cam1_0_03.jpg,287,0,-1,True,14,822,1.0,1.0,1,14,1,1,1,1
523,000287_cam1_0_04.jpg,287,0,-1,True,14,822,1.0,1.0,1,14,1,1,1,1
524,000287_cam1_0_05.jpg,287,0,-1,True,14,822,1.0,1.0,1,14,1,1,1,1
525,000287_cam1_0_06.jpg,287,0,-1,True,14,822,1.0,1.0,1,14,1,1,1,1
526,000287_cam1_0_07.jpg,287,0,-1,True,14,822,1.0,1.0,1,14,1,1,1,1
527,000287_cam1_0_08.jpg,287,0,-1,True,14,822,1.0,1.0,1,14,1,1,1,1
528,000287_cam1_0_09.jpg,287,0,-1,True,14,822,1.0,1.0,1,14,1,1,1,1
529,000287_cam1_0_10.jpg,287,0,-1,True,14,822,1.0,1.0,1,14,1,1,1,1
530,000287_cam1_0_11.jpg,287,0,-1,True,14,822,1.0,1.0,1,14,1,1,1,1
531,000287_cam1_0_12.jpg,287,0,-1,True,14,822,1.0,1.0,1,14,1,1,1,1
532,000287_cam1_0_13.jpg,287,0,-1,True,14,822,1.0,1.0,1,14,1,1,1,1
533,000287_cam2_0_00.jpg,287,1,-1,True,14,822,0.9952380952380953,0.9333333333333333,1,15,1,1,1,1
534,000287_cam2_0_01.jpg,287,1,-1,True,14,822,1.0,1.0,1,14,1,1,1,1
535,000287_cam2_0_02.jpg,287,1,-1,True,14,822,1.0,1.0,1,14,1,1,1,1
536,000287_cam2_0_03.jpg,287,1,-1,True,14,822,1.0,1.0,1,14,1,1,1,1
537,000287_cam2_0_04.jpg,287,1,-1,True,14,822,1.0,1.0,1,14,1,1,1,1
538,000287_cam2_0_05.jpg,287,1,-1,True,14,822,1.0,1.0,1,14,1,1,1,1
539,000287_cam2_0_06.jpg,287,1,-1,True,14,822,1.0,1.0,1,14,1,1,1,1
540,000287_cam2_0_07.jpg,287,1,-1,True,14,822,1.0,1.0,1,14,1,1,1,1
541,000287_cam2_0_08.jpg,287,1,-1,True,14,822,0.9952380952380953,0.9333333333333333,1,15,1,1,1,1
542,000287_cam2_0_09.jpg,287,1,-1,True,14,822,1.0,1.0,1,14,1,1,1,1
543,000287_cam2_0_10.jpg,287,1,-1,True,14,822,1.0,1.0,1,14,1,1,1,1
544,000287_cam2_0_11.jpg,287,1,-1,True,14,822,1.0,1.0,1,14,1,1,1,1
545,000287_cam2_0_12.jpg,287,1,-1,True,14,822,1.0,1.0,1,14,1,1,1,1
546,000287_cam2_0_13.jpg,287,1,-1,True,14,822,1.0,1.0,1,14,1,1,1,1
547,000288_cam1_0_00.jpg,288,0,-1,True,17,823,0.7031849668713085,0.3541666666666667,1,48,1,1,1,1
548,000288_cam1_0_01.jpg,288,0,-1,True,17,823,0.8463470347573188,0.5151515151515151,1,33,1,1,1,1
549,000288_cam1_0_02.jpg,288,0,-1,True,17,823,0.8049629152240323,0.3695652173913043,1,46,1,1,1,1
550,000288_cam1_0_03.jpg,288,0,-1,True,17,823,0.4955505927533481,0.2463768115942029,1,69,1,1,1,1
551,000288_cam1_0_04.jpg,288,0,-1,True,17,823,0.5919733198505577,0.30357142857142855,1,56,1,1,1,1
552,000288_cam1_0_05.jpg,288,0,-1,True,17,823,0.3989790523948548,0.2698412698412698,2,63,0,1,1,1
553,000288_cam1_0_06.jpg,288,0,-1,True,17,823,0.4234075362032255,0.23943661971830985,1,71,1,1,1,1
554,000288_cam1_0_07.jpg,288,0,-1,True,17,823,0.7705848295855434,0.3541666666666667,1,48,1,1,1,1
555,000288_cam1_0_08.jpg,288,0,-1,True,17,823,0.6007278866965736,0.2786885245901639,1,61,1,1,1,1
556,000288_cam1_0_09.jpg,288,0,-1,True,17,823,0.7776686734231492,0.3695652173913043,1,46,1,1,1,1
557,000288_cam1_0_10.jpg,288,0,-1,True,17,823,0.5233809627681011,0.2463768115942029,1,69,1,1,1,1
558,000288_cam1_0_11.jpg,288,0,-1,True,17,823,0.5282535034481117,0.2833333333333333,1,60,1,1,1,1
559,000288_cam1_0_12.jpg,288,0,-1,True,17,823,0.4272085801577365,0.20238095238095238,1,84,1,1,1,1
560,000288_cam2_0_00.jpg,288,1,-1,True,13,819,0.15812170391674288,0.0962962962962963,6,135,0,0,1,1
561,000288_cam2_0_01.jpg,288,1,-1,True,13,819,0.5222644271336068,0.22413793103448276,1,58,1,1,1,1
562,000288_cam2_0_02.jpg,288,1,-1,True,13,819,0.14219020955415693,0.12149532710280374,7,107,0,0,1,1
563,000288_cam2_0_03.jpg,288,1,-1,True,13,819,0.12384340258610174,0.1015625,9,128,0,0,1,1
564,000288_cam2_0_04.jpg,288,1,-1,True,13,819,0.17741110976153884,0.10569105691056911,5,123,0,1,1,1
565,000288_cam2_0_05.jpg,288,1,-1,True,13,819,0.09040527848007424,0.08176100628930817,23,159,0,0,0,0
566,000288_cam2_0_06.jpg,288,1,-1,True,13,819,0.6177127359819667,0.2708333333333333,1,48,1,1,1,1
567,000288_cam2_0_07.jpg,288,1,-1,True,13,819,0.3998507869532771,0.14444444444444443,1,90,1,1,1,1
568,000288_cam2_0_08.jpg,288,1,-1,True,13,819,0.6880565310977682,0.13402061855670103,1,97,1,1,1,1
569,000288_cam2_0_09.jpg,288,1,-1,True,13,819,0.7851127028125067,0.4482758620689655,1,29,1,1,1,1
570,000288_cam2_0_10.jpg,288,1,-1,True,13,819,0.9645011850894203,0.7647058823529411,1,17,1,1,1,1
571,000288_cam2_0_11.jpg,288,1,-1,True,13,819,0.9723443223443223,0.8666666666666667,1,15,1,1,1,1
572,000288_cam2_0_12.jpg,288,1,-1,True,13,819,0.9476885105844381,0.7647058823529411,1,17,1,1,1,1
573,000288_cam2_0_13.jpg,288,1,-1,True,13,819,1.0,1.0,1,13,1,1,1,1
574,000288_cam2_0_14.jpg,288,1,-1,True,13,819,0.9173964923964922,0.7222222222222222,1,18,1,1,1,1
575,000288_cam2_0_15.jpg,288,1,-1,True,13,819,0.7400012914435992,0.40625,1,32,1,1,1,1
576,000288_cam2_0_16.jpg,288,1,-1,True,13,819,0.734371432038775,0.4482758620689655,1,29,1,1,1,1
577,000289_cam1_0_00.jpg,289,0,-1,True,15,821,0.24467296937667193,0.2,3,75,0,1,1,1
578,000289_cam1_0_01.jpg,289,0,-1,True,15,821,0.17469500448811034,0.17647058823529413,2,85,0,1,1,1
579,000289_cam1_0_02.jpg,289,0,-1,True,15,821,0.39510348334282114,0.24193548387096775,1,62,1,1,1,1
580,000289_cam1_0_03.jpg,289,0,-1,True,15,821,0.625330687830688,0.3,1,50,1,1,1,1
581,000289_cam1_0_04.jpg,289,0,-1,True,15,821,0.17992124361144443,0.15306122448979592,6,98,0,0,1,1
582,000289_cam1_0_05.jpg,289,0,-1,True,15,821,0.16000649263887504,0.16129032258064516,8,93,0,0,1,1
583,000289_cam1_0_06.jpg,289,0,-1,True,15,821,0.06826793466545343,0.10416666666666667,47,144,0,0,0,0
584,000289_cam1_0_07.jpg,289,0,-1,True,15,821,0.07083462155577827,0.10416666666666667,33,144,0,0,0,0
585,000289_cam1_0_08.jpg,289,0,-1,True,15,821,0.0989231329095471,0.12605042016806722,25,119,0,0,0,0
586,000289_cam1_0_09.jpg,289,0,-1,True,15,821,0.13215106679836613,0.16304347826086957,25,92,0,0,0,0
587,000289_cam1_0_10.jpg,289,0,-1,True,15,821,0.07433875560206284,0.09202453987730061,35,163,0,0,0,0
588,000289_cam1_0_11.jpg,289,0,-1,True,15,821,0.06845273670774372,0.09375,46,160,0,0,0,0
589,000289_cam1_0_12.jpg,289,0,-1,True,15,821,0.09361097413359835,0.1271186440677966,25,118,0,0,0,0
590,000289_cam1_0_13.jpg,289,0,-1,True,15,821,0.09183449267217712,0.11627906976744186,34,129,0,0,0,0
591,000289_cam1_0_14.jpg,289,0,-1,True,15,821,0.12485322762213727,0.1595744680851064,31,94,0,0,0,0
592,000289_cam2_0_00.jpg,289,1,-1,True,15,821,0.2541381186723573,0.19736842105263158,4,76,0,1,1,1
593,000289_cam2_0_01.jpg,289,1,-1,True,15,821,0.6512106749606751,0.3333333333333333,1,45,1,1,1,1
594,000289_cam2_0_02.jpg,289,1,-1,True,15,821,0.13916861096979333,0.1485148514851485,14,101,0,0,0,1
595,000289_cam2_0_03.jpg,289,1,-1,True,15,821,0.3986853806924,0.14423076923076922,2,104,0,1,1,1
596,000289_cam2_0_04.jpg,289,1,-1,True,15,821,0.3525312070904011,0.14705882352941177,2,102,0,1,1,1
597,000289_cam2_0_05.jpg,289,1,-1,True,15,821,0.2787451964560796,0.21739130434782608,3,69,0,1,1,1
598,000289_cam2_0_06.jpg,289,1,-1,True,15,821,0.44188154791719303,0.2542372881355932,2,59,0,1,1,1
599,000289_cam2_0_07.jpg,289,1,-1,True,15,821,0.15049902611692956,0.11904761904761904,8,126,0,0,1,1
600,000289_cam2_0_08.jpg,289,1,-1,True,15,821,0.1929027597228922,0.13761467889908258,5,109,0,1,1,1
601,000289_cam2_0_09.jpg,289,1,-1,True,15,821,0.1325520528737333,0.08982035928143713,10,167,0,0,1,1
602,000289_cam2_0_10.jpg,289,1,-1,True,15,821,0.27633616125011584,0.14150943396226415,3,106,0,1,1,1
603,000289_cam2_0_11.jpg,289,1,-1,True,15,821,0.8344406317714588,0.30612244897959184,1,49,1,1,1,1
604,000289_cam2_0_12.jpg,289,1,-1,True,15,821,0.5154605589446015,0.1595744680851064,1,94,1,1,1,1
605,000289_cam2_0_13.jpg,289,1,-1,True,15,821,0.3692488747106423,0.14150943396226415,2,106,0,1,1,1
606,000289_cam2_0_14.jpg,289,1,-1,True,15,821,0.3165683190075302,0.14563106796116504,4,103,0,1,1,1
607,000290_cam1_0_00.jpg,290,0,-1,True,13,824,1.0,1.0,1,13,1,1,1,1
608,000290_cam1_0_01.jpg,290,0,-1,True,13,824,1.0,1.0,1,13,1,1,1,1
609,000290_cam1_0_02.jpg,290,0,-1,True,13,824,1.0,1.0,1,13,1,1,1,1
610,000290_cam1_0_03.jpg,290,0,-1,True,13,824,1.0,1.0,1,13,1,1,1,1
611,000290_cam1_0_04.jpg,290,0,-1,True,13,824,1.0,1.0,1,13,1,1,1,1
612,000290_cam1_0_05.jpg,290,0,-1,True,13,824,1.0,1.0,1,13,1,1,1,1
613,000290_cam1_0_06.jpg,290,0,-1,True,13,824,1.0,1.0,1,13,1,1,1,1
614,000290_cam1_0_07.jpg,290,0,-1,True,13,824,0.9945054945054945,0.9285714285714286,1,14,1,1,1,1
615,000290_cam1_0_08.jpg,290,0,-1,True,13,824,0.9885883347421809,0.9285714285714286,1,14,1,1,1,1
616,000290_cam1_0_09.jpg,290,0,-1,True,13,824,0.9945054945054945,0.9285714285714286,1,14,1,1,1,1
617,000290_cam1_0_10.jpg,290,0,-1,True,13,824,1.0,1.0,1,13,1,1,1,1
618,000290_cam1_0_11.jpg,290,0,-1,True,13,824,1.0,1.0,1,13,1,1,1,1
619,000290_cam2_0_00.jpg,290,1,-1,True,12,823,0.9593656343656344,0.8571428571428571,1,14,1,1,1,1
620,000290_cam2_0_01.jpg,290,1,-1,True,12,823,0.8712902837902838,0.75,1,16,1,1,1,1
621,000290_cam2_0_02.jpg,290,1,-1,True,12,823,1.0,1.0,1,12,1,1,1,1
622,000290_cam2_0_03.jpg,290,1,-1,True,12,823,1.0,1.0,1,12,1,1,1,1
623,000290_cam2_0_04.jpg,290,1,-1,True,12,823,0.8438626460685285,0.6666666666666666,1,18,1,1,1,1
624,000290_cam2_0_05.jpg,290,1,-1,True,12,823,0.5488623175929677,0.6,1,20,1,1,1,1
625,000290_cam2_0_06.jpg,290,1,-1,True,12,823,0.7755917478634197,0.631578947368421,1,19,1,1,1,1
626,000290_cam2_0_07.jpg,290,1,-1,True,12,823,0.8804652036559931,0.631578947368421,1,19,1,1,1,1
627,000290_cam2_0_08.jpg,290,1,-1,True,12,823,0.9593656343656344,0.8571428571428571,1,14,1,1,1,1
628,000290_cam2_0_09.jpg,290,1,-1,True,12,823,1.0,1.0,1,12,1,1,1,1
629,000290_cam2_0_10.jpg,290,1,-1,True,12,823,1.0,1.0,1,12,1,1,1,1
630,000290_cam2_0_11.jpg,290,1,-1,True,12,823,0.9866452991452991,0.9230769230769231,1,13,1,1,1,1
631,000290_cam2_0_12.jpg,290,1,-1,True,12,823,0.9790695415695415,0.9230769230769231,1,13,1,1,1,1
632,000291_cam1_0_00.jpg,291,0,-1,True,13,824,1.0,1.0,1,13,1,1,1,1
633,000291_cam1_0_01.jpg,291,0,-1,True,13,824,0.9838264299802761,0.8666666666666667,1,15,1,1,1,1
634,000291_cam1_0_02.jpg,291,0,-1,True,13,824,0.9897435897435898,0.8666666666666667,1,15,1,1,1,1
635,000291_cam1_0_03.jpg,291,0,-1,True,13,824,1.0,1.0,1,13,1,1,1,1
636,000291_cam1_0_04.jpg,291,0,-1,True,13,824,1.0,1.0,1,13,1,1,1,1
637,000291_cam1_0_05.jpg,291,0,-1,True,13,824,1.0,1.0,1,13,1,1,1,1
638,000291_cam1_0_06.jpg,291,0,-1,True,13,824,1.0,1.0,1,13,1,1,1,1
639,000291_cam1_0_07.jpg,291,0,-1,True,13,824,1.0,1.0,1,13,1,1,1,1
640,000291_cam1_0_08.jpg,291,0,-1,True,13,824,1.0,1.0,1,13,1,1,1,1
641,000291_cam1_0_09.jpg,291,0,-1,True,13,824,1.0,1.0,1,13,1,1,1,1
642,000291_cam1_0_10.jpg,291,0,-1,True,13,824,1.0,1.0,1,13,1,1,1,1
643,000291_cam1_0_11.jpg,291,0,-1,True,13,824,1.0,1.0,1,13,1,1,1,1
644,000291_cam2_0_00.jpg,291,1,-1,True,12,823,1.0,1.0,1,12,1,1,1,1
645,000291_cam2_0_01.jpg,291,1,-1,True,12,823,1.0,1.0,1,12,1,1,1,1
646,000291_cam2_0_02.jpg,291,1,-1,True,12,823,1.0,1.0,1,12,1,1,1,1
647,000291_cam2_0_03.jpg,291,1,-1,True,12,823,1.0,1.0,1,12,1,1,1,1
648,000291_cam2_0_04.jpg,291,1,-1,True,12,823,1.0,1.0,1,12,1,1,1,1
649,000291_cam2_0_05.jpg,291,1,-1,True,12,823,1.0,1.0,1,12,1,1,1,1
650,000291_cam2_0_06.jpg,291,1,-1,True,12,823,1.0,1.0,1,12,1,1,1,1
651,000291_cam2_0_07.jpg,291,1,-1,True,12,823,1.0,1.0,1,12,1,1,1,1
652,000291_cam2_0_08.jpg,291,1,-1,True,12,823,1.0,1.0,1,12,1,1,1,1
653,000291_cam2_0_09.jpg,291,1,-1,True,12,823,1.0,1.0,1,12,1,1,1,1
654,000291_cam2_0_10.jpg,291,1,-1,True,12,823,1.0,1.0,1,12,1,1,1,1
655,000291_cam2_0_11.jpg,291,1,-1,True,12,823,1.0,1.0,1,12,1,1,1,1
656,000291_cam2_0_12.jpg,291,1,-1,True,12,823,1.0,1.0,1,12,1,1,1,1
657,000292_cam1_0_00.jpg,292,0,-1,True,20,826,0.9976190476190476,0.9523809523809523,1,21,1,1,1,1
658,000292_cam1_0_01.jpg,292,0,-1,True,20,826,1.0,1.0,1,20,1,1,1,1
659,000292_cam1_0_02.jpg,292,0,-1,True,20,826,1.0,1.0,1,20,1,1,1,1
660,000292_cam1_0_03.jpg,292,0,-1,True,20,826,1.0,1.0,1,20,1,1,1,1
661,000292_cam1_0_04.jpg,292,0,-1,True,20,826,1.0,1.0,1,20,1,1,1,1
662,000292_cam1_0_05.jpg,292,0,-1,True,20,826,1.0,1.0,1,20,1,1,1,1
663,000292_cam1_0_06.jpg,292,0,-1,True,20,826,1.0,1.0,1,20,1,1,1,1
664,000292_cam1_0_07.jpg,292,0,-1,True,20,826,1.0,1.0,1,20,1,1,1,1
665,000292_cam1_0_08.jpg,292,0,-1,True,20,826,1.0,1.0,1,20,1,1,1,1
666,000292_cam1_0_09.jpg,292,0,-1,True,20,826,0.98332995951417,0.7692307692307693,1,26,1,1,1,1
667,000292_cam2_0_00.jpg,292,1,-1,True,10,816,1.0,1.0,1,10,1,1,1,1
668,000292_cam2_0_01.jpg,292,1,-1,True,10,816,1.0,1.0,1,10,1,1,1,1
669,000292_cam2_0_02.jpg,292,1,-1,True,10,816,0.6937301587301589,0.4166666666666667,2,24,0,1,1,1
670,000292_cam2_0_03.jpg,292,1,-1,True,10,816,1.0,1.0,1,10,1,1,1,1
671,000292_cam2_0_04.jpg,292,1,-1,True,10,816,1.0,1.0,1,10,1,1,1,1
672,000292_cam2_0_05.jpg,292,1,-1,True,10,816,1.0,1.0,1,10,1,1,1,1
673,000292_cam2_0_06.jpg,292,1,-1,True,10,816,1.0,1.0,1,10,1,1,1,1
674,000292_cam2_0_07.jpg,292,1,-1,True,10,816,1.0,1.0,1,10,1,1,1,1
675,000292_cam2_0_08.jpg,292,1,-1,True,10,816,0.31626027481290636,0.38461538461538464,9,26,0,0,1,1
676,000292_cam2_0_09.jpg,292,1,-1,True,10,816,0.4396289331583449,0.5555555555555556,5,18,0,1,1,1
677,000292_cam2_0_10.jpg,292,1,-1,True,10,816,0.3524926653805965,0.3448275862068966,8,29,0,0,1,1
678,000292_cam2_0_11.jpg,292,1,-1,True,10,816,0.3720830631356947,0.47619047619047616,7,21,0,0,1,1
679,000292_cam2_0_12.jpg,292,1,-1,True,10,816,1.0,1.0,1,10,1,1,1,1
680,000292_cam2_0_13.jpg,292,1,-1,True,10,816,0.7994336219336219,0.625,1,16,1,1,1,1
681,000292_cam2_0_14.jpg,292,1,-1,True,10,816,0.38001832017311893,0.45454545454545453,7,22,0,0,1,1
682,000292_cam2_0_15.jpg,292,1,-1,True,10,816,0.5093790849673202,0.5882352941176471,3,17,0,1,1,1
683,000292_cam2_0_16.jpg,292,1,-1,True,10,816,0.3219663742690059,0.3125,5,32,0,1,1,1
684,000292_cam2_0_17.jpg,292,1,-1,True,10,816,0.5883433233433234,0.625,2,16,0,1,1,1
685,000292_cam2_0_18.jpg,292,1,-1,True,10,816,0.9153499278499277,0.7142857142857143,1,14,1,1,1,1
686,000292_cam2_0_19.jpg,292,1,-1,True,10,816,0.5253919691419691,0.5555555555555556,2,18,0,1,1,1
687,000293_cam1_0_00.jpg,293,0,-1,True,17,824,0.9938080495356038,0.8947368421052632,1,19,1,1,1,1
688,000293_cam1_0_01.jpg,293,0,-1,True,17,824,0.9578321524688306,0.7083333333333334,1,24,1,1,1,1
689,000293_cam1_0_02.jpg,293,0,-1,True,17,824,0.988795518207283,0.8095238095238095,1,21,1,1,1,1
690,000293_cam1_0_03.jpg,293,0,-1,True,17,824,0.9764185977421272,0.7727272727272727,1,22,1,1,1,1
691,000293_cam1_0_04.jpg,293,0,-1,True,17,824,0.9938080495356038,0.8947368421052632,1,19,1,1,1,1
692,000293_cam1_0_05.jpg,293,0,-1,True,17,824,0.9967320261437908,0.9444444444444444,1,18,1,1,1,1
693,000293_cam1_0_06.jpg,293,0,-1,True,17,824,1.0,1.0,1,17,1,1,1,1
694,000293_cam1_0_07.jpg,293,0,-1,True,17,824,1.0,1.0,1,17,1,1,1,1
695,000293_cam1_0_08.jpg,293,0,-1,True,17,824,1.0,1.0,1,17,1,1,1,1
696,000293_cam1_0_09.jpg,293,0,-1,True,17,824,1.0,1.0,1,17,1,1,1,1
697,000293_cam1_0_10.jpg,293,0,-1,True,17,824,1.0,1.0,1,17,1,1,1,1
698,000293_cam1_0_11.jpg,293,0,-1,True,17,824,0.9846547314578006,0.7391304347826086,1,23,1,1,1,1
699,000293_cam2_0_00.jpg,293,1,-1,True,12,819,0.7151756768136078,0.41379310344827586,1,29,1,1,1,1
700,000293_cam2_0_01.jpg,293,1,-1,True,12,819,1.0,1.0,1,12,1,1,1,1
701,000293_cam2_0_02.jpg,293,1,-1,True,12,819,1.0,1.0,1,12,1,1,1,1
702,000293_cam2_0_03.jpg,293,1,-1,True,12,819,0.8762175324675324,0.5714285714285714,1,21,1,1,1,1
703,000293_cam2_0_04.jpg,293,1,-1,True,12,819,1.0,1.0,1,12,1,1,1,1
704,000293_cam2_0_05.jpg,293,1,-1,True,12,819,1.0,1.0,1,12,1,1,1,1
705,000293_cam2_0_06.jpg,293,1,-1,True,12,819,1.0,1.0,1,12,1,1,1,1
706,000293_cam2_0_07.jpg,293,1,-1,True,12,819,1.0,1.0,1,12,1,1,1,1
707,000293_cam2_0_08.jpg,293,1,-1,True,12,819,1.0,1.0,1,12,1,1,1,1
708,000293_cam2_0_09.jpg,293,1,-1,True,12,819,1.0,1.0,1,12,1,1,1,1
709,000293_cam2_0_10.jpg,293,1,-1,True,12,819,1.0,1.0,1,12,1,1,1,1
710,000293_cam2_0_11.jpg,293,1,-1,True,12,819,1.0,1.0,1,12,1,1,1,1
711,000293_cam2_0_12.jpg,293,1,-1,True,12,819,1.0,1.0,1,12,1,1,1,1
712,000293_cam2_0_13.jpg,293,1,-1,True,12,819,1.0,1.0,1,12,1,1,1,1
713,000293_cam2_0_14.jpg,293,1,-1,True,12,819,1.0,1.0,1,12,1,1,1,1
714,000293_cam2_0_15.jpg,293,1,-1,True,12,819,0.9935897435897436,0.9230769230769231,1,13,1,1,1,1
715,000293_cam2_0_16.jpg,293,1,-1,True,12,819,1.0,1.0,1,12,1,1,1,1
716,000294_cam1_0_00.jpg,294,0,-1,True,18,824,0.9939896036387262,0.9473684210526315,1,19,1,1,1,1
717,000294_cam1_0_01.jpg,294,0,-1,True,18,824,0.9691454721985414,0.782608695652174,1,23,1,1,1,1
718,000294_cam1_0_02.jpg,294,0,-1,True,18,824,0.9690559984677632,0.6923076923076923,1,26,1,1,1,1
719,000294_cam1_0_03.jpg,294,0,-1,True,18,824,0.9221614962663557,0.6923076923076923,1,26,1,1,1,1
720,000294_cam1_0_04.jpg,294,0,-1,True,18,824,0.5839130314130315,0.32727272727272727,1,55,1,1,1,1
721,000294_cam1_0_05.jpg,294,0,-1,True,18,824,0.4138476001680337,0.4186046511627907,4,43,0,1,1,1
722,000294_cam1_0_06.jpg,294,0,-1,True,18,824,1.0,1.0,1,18,1,1,1,1
723,000294_cam1_0_07.jpg,294,0,-1,True,18,824,0.9783950617283951,0.6666666666666666,1,27,1,1,1,1
724,000294_cam1_0_08.jpg,294,0,-1,True,18,824,1.0,1.0,1,18,1,1,1,1
725,000294_cam1_0_09.jpg,294,0,-1,True,18,824,0.9885964912280701,0.9,1,20,1,1,1,1
726,000294_cam1_0_10.jpg,294,0,-1,True,18,824,0.9560956790123458,0.6,1,30,1,1,1,1
727,000294_cam1_0_11.jpg,294,0,-1,True,18,824,0.9487016908212562,0.6,1,30,1,1,1,1
728,000294_cam2_0_00.jpg,294,1,-1,True,12,818,0.4415876318288599,0.3157894736842105,2,38,0,1,1,1
729,000294_cam2_0_01.jpg,294,1,-1,True,12,818,0.7954304954304954,0.5714285714285714,1,21,1,1,1,1
730,000294_cam2_0_02.jpg,294,1,-1,True,12,818,0.7807252688831637,0.3157894736842105,1,38,1,1,1,1
731,000294_cam2_0_03.jpg,294,1,-1,True,12,818,0.345299765726595,0.26666666666666666,3,45,0,1,1,1
732,000294_cam2_0_04.jpg,294,1,-1,True,12,818,0.6761182887231705,0.3,1,40,1,1,1,1
733,000294_cam2_0_05.jpg,294,1,-1,True,12,818,0.6597368468620457,0.1875,1,64,1,1,1,1
734,000294_cam2_0_06.jpg,294,1,-1,True,12,818,0.5963454927127696,0.17391304347826086,1,69,1,1,1,1
735,000294_cam2_0_07.jpg,294,1,-1,True,12,818,0.4991075561441695,0.13186813186813187,1,91,1,1,1,1
736,000294_cam2_0_08.jpg,294,1,-1,True,12,818,0.761211531252611,0.16901408450704225,1,71,1,1,1,1
737,000294_cam2_0_09.jpg,294,1,-1,True,12,818,0.7126014675847304,0.2553191489361702,1,47,1,1,1,1
738,000294_cam2_0_10.jpg,294,1,-1,True,12,818,0.9269013666072489,0.6666666666666666,1,18,1,1,1,1
739,000294_cam2_0_11.jpg,294,1,-1,True,12,818,0.5488850722954259,0.17391304347826086,1,69,1,1,1,1
740,000294_cam2_0_12.jpg,294,1,-1,True,12,818,0.7056233770001886,0.32432432432432434,1,37,1,1,1,1
741,000294_cam2_0_13.jpg,294,1,-1,True,12,818,0.9791666666666666,0.75,1,16,1,1,1,1
742,000294_cam2_0_14.jpg,294,1,-1,True,12,818,0.5435943573138695,0.2727272727272727,1,44,1,1,1,1
743,000294_cam2_0_15.jpg,294,1,-1,True,12,818,0.6005902072120608,0.25,1,48,1,1,1,1
744,000294_cam2_0_16.jpg,294,1,-1,True,12,818,0.7243138604639922,0.1791044776119403,1,67,1,1,1,1
745,000294_cam2_0_17.jpg,294,1,-1,True,12,818,0.8361441798941797,0.5714285714285714,1,21,1,1,1,1
746,000295_cam1_0_00.jpg,295,0,-1,True,13,819,0.8853174603174604,0.6190476190476191,1,21,1,1,1,1
747,000295_cam1_0_01.jpg,295,0,-1,True,13,819,0.9597069597069597,0.6190476190476191,1,21,1,1,1,1
748,000295_cam1_0_02.jpg,295,0,-1,True,13,819,0.9757085020242915,0.6842105263157895,1,19,1,1,1,1
749,000295_cam1_0_03.jpg,295,0,-1,True,13,819,0.9538461538461539,0.65,1,20,1,1,1,1
750,000295_cam1_0_04.jpg,295,0,-1,True,13,819,0.9701923076923078,0.8125,1,16,1,1,1,1
751,000295_cam1_0_05.jpg,295,0,-1,True,13,819,0.7202093783541748,0.5909090909090909,1,22,1,1,1,1
752,000295_cam1_0_06.jpg,295,0,-1,True,13,819,0.8198060779508742,0.48148148148148145,1,27,1,1,1,1
753,000295_cam1_0_07.jpg,295,0,-1,True,13,819,0.8587259231996074,0.5416666666666666,1,24,1,1,1,1
754,000295_cam1_0_08.jpg,295,0,-1,True,13,819,0.9723443223443223,0.8666666666666667,1,15,1,1,1,1
755,000295_cam1_0_09.jpg,295,0,-1,True,13,819,0.9897435897435898,0.8666666666666667,1,15,1,1,1,1
756,000295_cam1_0_10.jpg,295,0,-1,True,13,819,0.9897435897435898,0.8666666666666667,1,15,1,1,1,1
757,000295_cam1_0_11.jpg,295,0,-1,True,13,819,0.962730858884705,0.8666666666666667,1,15,1,1,1,1
758,000295_cam1_0_12.jpg,295,0,-1,True,13,819,0.7841620310037997,0.5652173913043478,1,23,1,1,1,1
759,000295_cam1_0_13.jpg,295,0,-1,True,13,819,0.5854138176438,0.48148148148148145,1,27,1,1,1,1
760,000295_cam1_0_14.jpg,295,0,-1,True,13,819,0.8853174603174604,0.6190476190476191,1,21,1,1,1,1
761,000295_cam1_0_15.jpg,295,0,-1,True,13,819,0.8984470657547582,0.65,1,20,1,1,1,1
762,000295_cam1_0_16.jpg,295,0,-1,True,13,819,0.9564777327935222,0.6842105263157895,1,19,1,1,1,1
763,000295_cam2_0_00.jpg,295,1,-1,True,17,823,1.0,1.0,1,17,1,1,1,1
764,000295_cam2_0_01.jpg,295,1,-1,True,17,823,0.9814720986433789,0.9444444444444444,1,18,1,1,1,1
765,000295_cam2_0_02.jpg,295,1,-1,True,17,823,1.0,1.0,1,17,1,1,1,1
766,000295_cam2_0_03.jpg,295,1,-1,True,17,823,1.0,1.0,1,17,1,1,1,1
767,000295_cam2_0_04.jpg,295,1,-1,True,17,823,0.9967320261437908,0.9444444444444444,1,18,1,1,1,1
768,000295_cam2_0_05.jpg,295,1,-1,True,17,823,0.9967320261437908,0.9444444444444444,1,18,1,1,1,1
769,000295_cam2_0_06.jpg,295,1,-1,True,17,823,1.0,1.0,1,17,1,1,1,1
770,000295_cam2_0_07.jpg,295,1,-1,True,17,823,0.9932718185313341,0.9444444444444444,1,18,1,1,1,1
771,000295_cam2_0_08.jpg,295,1,-1,True,17,823,1.0,1.0,1,17,1,1,1,1
772,000295_cam2_0_09.jpg,295,1,-1,True,17,823,1.0,1.0,1,17,1,1,1,1
773,000295_cam2_0_10.jpg,295,1,-1,True,17,823,0.9655639381258576,0.85,1,20,1,1,1,1
774,000295_cam2_0_11.jpg,295,1,-1,True,17,823,0.9316269696733183,0.8095238095238095,1,21,1,1,1,1
775,000295_cam2_0_12.jpg,295,1,-1,True,17,823,1.0,1.0,1,17,1,1,1,1
776,000298_cam1_0_00.jpg,298,0,-1,True,15,821,1.0,1.0,1,15,1,1,1,1
777,000298_cam1_0_01.jpg,298,0,-1,True,15,821,1.0,1.0,1,15,1,1,1,1
778,000298_cam1_0_02.jpg,298,0,-1,True,15,821,0.9166378066378066,0.6,1,25,1,1,1,1
779,000298_cam1_0_03.jpg,298,0,-1,True,15,821,1.0,1.0,1,15,1,1,1,1
780,000298_cam1_0_04.jpg,298,0,-1,True,15,821,0.9796825396825397,0.8333333333333334,1,18,1,1,1,1
781,000298_cam1_0_05.jpg,298,0,-1,True,15,821,0.9698064353946708,0.8823529411764706,1,17,1,1,1,1
782,000298_cam1_0_06.jpg,298,0,-1,True,15,821,1.0,1.0,1,15,1,1,1,1
783,000298_cam1_0_07.jpg,298,0,-1,True,15,821,0.9913888888888889,0.9375,1,16,1,1,1,1
784,000298_cam1_0_08.jpg,298,0,-1,True,15,821,1.0,1.0,1,15,1,1,1,1
785,000298_cam1_0_09.jpg,298,0,-1,True,15,821,1.0,1.0,1,15,1,1,1,1
786,000298_cam1_0_10.jpg,298,0,-1,True,15,821,1.0,1.0,1,15,1,1,1,1
787,000298_cam1_0_11.jpg,298,0,-1,True,15,821,1.0,1.0,1,15,1,1,1,1
788,000298_cam1_0_12.jpg,298,0,-1,True,15,821,1.0,1.0,1,15,1,1,1,1
789,000298_cam1_0_13.jpg,298,0,-1,True,15,821,0.8761064425770309,0.6818181818181818,1,22,1,1,1,1
790,000298_cam1_0_14.jpg,298,0,-1,True,15,821,1.0,1.0,1,15,1,1,1,1
791,000298_cam2_0_00.jpg,298,1,-1,True,15,821,0.8669836132220031,0.6818181818181818,1,22,1,1,1,1
792,000298_cam2_0_01.jpg,298,1,-1,True,15,821,0.9829505135387488,0.8823529411764706,1,17,1,1,1,1
793,000298_cam2_0_02.jpg,298,1,-1,True,15,821,0.8947227041963884,0.6818181818181818,1,22,1,1,1,1
794,000298_cam2_0_03.jpg,298,1,-1,True,15,821,0.9859649122807017,0.7894736842105263,1,19,1,1,1,1
795,000298_cam2_0_04.jpg,298,1,-1,True,15,821,0.9662061467943821,0.8823529411764706,1,17,1,1,1,1
796,000298_cam2_0_05.jpg,298,1,-1,True,15,821,1.0,1.0,1,15,1,1,1,1
797,000298_cam2_0_06.jpg,298,1,-1,True,15,821,1.0,1.0,1,15,1,1,1,1
798,000298_cam2_0_07.jpg,298,1,-1,True,15,821,0.9958333333333333,0.9375,1,16,1,1,1,1
799,000298_cam2_0_08.jpg,298,1,-1,True,15,821,0.9958333333333333,0.9375,1,16,1,1,1,1
800,000298_cam2_0_09.jpg,298,1,-1,True,15,821,0.981498778998779,0.9375,1,16,1,1,1,1
801,000298_cam2_0_10.jpg,298,1,-1,True,15,821,1.0,1.0,1,15,1,1,1,1
802,000298_cam2_0_11.jpg,298,1,-1,True,15,821,0.9958333333333333,0.9375,1,16,1,1,1,1
803,000298_cam2_0_12.jpg,298,1,-1,True,15,821,1.0,1.0,1,15,1,1,1,1
804,000298_cam2_0_13.jpg,298,1,-1,True,15,821,1.0,1.0,1,15,1,1,1,1
805,000298_cam2_0_14.jpg,298,1,-1,True,15,821,1.0,1.0,1,15,1,1,1,1
806,000299_cam1_0_00.jpg,299,0,-1,True,13,819,0.8273351648351649,0.5,1,26,1,1,1,1
807,000299_cam1_0_01.jpg,299,0,-1,True,13,819,0.5894280283221677,0.22033898305084745,1,59,1,1,1,1
808,000299_cam1_0_02.jpg,299,0,-1,True,13,819,0.6530886567323814,0.22807017543859648,1,57,1,1,1,1
809,000299_cam1_0_03.jpg,299,0,-1,True,13,819,0.9774161735700198,0.8666666666666667,1,15,1,1,1,1
810,000299_cam1_0_04.jpg,299,0,-1,True,13,819,0.9855769230769231,0.8125,1,16,1,1,1,1
811,000299_cam1_0_05.jpg,299,0,-1,True,13,819,0.9885883347421809,0.9285714285714286,1,14,1,1,1,1
812,000299_cam1_0_06.jpg,299,0,-1,True,13,819,1.0,1.0,1,13,1,1,1,1
813,000299_cam1_0_07.jpg,299,0,-1,True,13,819,0.9897435897435898,0.8666666666666667,1,15,1,1,1,1
814,000299_cam1_0_08.jpg,299,0,-1,True,13,819,0.9706959706959707,0.6190476190476191,1,21,1,1,1,1
815,000299_cam1_0_09.jpg,299,0,-1,True,13,819,1.0,1.0,1,13,1,1,1,1
816,000299_cam1_0_10.jpg,299,0,-1,True,13,819,1.0,1.0,1,13,1,1,1,1
817,000299_cam1_0_11.jpg,299,0,-1,True,13,819,0.8792232850761279,0.5652173913043478,1,23,1,1,1,1
818,000299_cam1_0_12.jpg,299,0,-1,True,13,819,0.9057430772494294,0.4482758620689655,1,29,1,1,1,1
819,000299_cam1_0_13.jpg,299,0,-1,True,13,819,0.59495539885216,0.25,1,52,1,1,1,1
820,000299_cam1_0_14.jpg,299,0,-1,True,13,819,0.9359470657547582,0.8125,1,16,1,1,1,1
821,000299_cam1_0_15.jpg,299,0,-1,True,13,819,0.9539136302294197,0.6842105263157895,1,19,1,1,1,1
822,000299_cam1_0_16.jpg,299,0,-1,True,13,819,0.8208119658119659,0.17333333333333334,1,75,1,1,1,1
823,000299_cam2_0_00.jpg,299,1,-1,True,17,823,0.969010703829043,0.8095238095238095,1,21,1,1,1,1
824,000299_cam2_0_01.jpg,299,1,-1,True,17,823,0.8329384839446758,0.6538461538461539,1,26,1,1,1,1
825,000299_cam2_0_02.jpg,299,1,-1,True,17,823,0.9543436596606606,0.7391304347826086,1,23,1,1,1,1
826,000299_cam2_0_03.jpg,299,1,-1,True,17,823,0.8179614992850287,0.68,1,25,1,1,1,1
827,000299_cam2_0_04.jpg,299,1,-1,True,17,823,0.7288771054520966,0.38636363636363635,1,44,1,1,1,1
828,000299_cam2_0_05.jpg,299,1,-1,True,17,823,0.9066148780699864,0.68,1,25,1,1,1,1
829,000299_cam2_0_06.jpg,299,1,-1,True,17,823,0.9567386381400224,0.85,1,20,1,1,1,1
830,000299_cam2_0_07.jpg,299,1,-1,True,17,823,0.9676028306059266,0.6071428571428571,1,28,1,1,1,1
831,000299_cam2_0_08.jpg,299,1,-1,True,17,823,0.9856737793156478,0.9444444444444444,1,18,1,1,1,1
832,000299_cam2_0_09.jpg,299,1,-1,True,17,823,1.0,1.0,1,17,1,1,1,1
833,000299_cam2_0_10.jpg,299,1,-1,True,17,823,0.972228437298552,0.8947368421052632,1,19,1,1,1,1
834,000299_cam2_0_11.jpg,299,1,-1,True,17,823,0.9967320261437908,0.9444444444444444,1,18,1,1,1,1
835,000299_cam2_0_12.jpg,299,1,-1,True,17,823,0.8498741338736566,0.5862068965517241,1,29,1,1,1,1
