query_index,name,identity,camera,scene,valid,relevant_gallery,kept_gallery,AP,INP,first_match,last_match,Rank-1,Rank-5,Rank-10,Rank-20
0,0002_s002_v0_000.jpg,2,0,2,True,2,1053,1.0,1.0,1,2,1,1,1,1
1,0002_s002_v3_001.jpg,2,3,2,True,2,1053,0.625,0.25,1,8,1,1,1,1
2,0002_s013_v1_002.jpg,2,1,13,True,2,1053,1.0,1.0,1,2,1,1,1,1
3,0002_s013_v4_003.jpg,2,4,13,True,2,1053,0.8333333333333333,0.6666666666666666,1,3,1,1,1,1
4,0004_s002_v3_000.jpg,4,3,2,True,11,1054,0.6368925227695842,0.3793103448275862,1,29,1,1,1,1
5,0004_s007_v1_010.jpg,4,1,7,True,10,1053,0.8523504273504274,0.38461538461538464,1,26,1,1,1,1
6,0004_s007_v6_011.jpg,4,6,7,True,10,1053,0.9004545454545456,0.45454545454545453,1,22,1,1,1,1
7,0004_s021_v1_001.jpg,4,1,21,True,10,1053,0.8543614280456385,0.45454545454545453,1,22,1,1,1,1
8,0004_s021_v7_002.jpg,4,7,21,True,10,1053,0.7184649122807018,0.5263157894736842,1,19,1,1,1,1
9,0004_s022_v3_003.jpg,4,3,22,True,10,1053,0.47959094970070576,0.08928571428571429,1,112,1,1,1,1
10,0004_s022_v4_004.jpg,4,4,22,True,10,1053,0.1202550880492057,0.03571428571428571,5,280,0,1,1,1
11,0004_s026_v0_005.jpg,4,0,26,True,7,1050,0.7890778533635677,0.25925925925925924,1,27,1,1,1,1
12,0004_s026_v1_006.jpg,4,1,26,True,7,1050,0.7583333333333332,0.175,1,40,1,1,1,1
13,0004_s026_v2_007.jpg,4,2,26,True,7,1050,0.4142857142857143,0.07777777777777778,2,90,0,1,1,1
14,0004_s026_v6_008.jpg,4,6,26,True,7,1050,0.4705535205535205,0.25925925925925924,2,27,0,1,1,1
15,0004_s026_v7_009.jpg,4,7,26,True,7,1050,0.7996031746031746,0.09722222222222222,1,72,1,1,1,1
16,0006_s002_v1_000.jpg,6,1,2,True,14,1053,0.08222900977678564,0.06930693069306931,10,202,0,0,1,1
17,0006_s002_v7_001.jpg,6,7,2,True,14,1053,0.05552677382687387,0.041176470588235294,20,340,0,0,0,1
18,0006_s007_v0_012.jpg,6,0,7,True,12,1051,0.08675241481849884,0.0736196319018405,8,163,0,0,1,1
19,0006_s007_v4_013.jpg,6,4,7,True,12,1051,0.08277370919859783,0.05581395348837209,31,215,0,0,0,0
20,0006_s007_v5_014.jpg,6,5,7,True,12,1051,0.10877780322031629,0.06629834254143646,14,181,0,0,0,1
21,0006_s007_v6_015.jpg,6,6,7,True,12,1051,0.10570580796251657,0.10810810810810811,4,111,0,1,1,1
22,0006_s027_v1_002.jpg,6,1,27,True,10,1049,0.05755885530399638,0.055865921787709494,42,179,0,0,0,0
23,0006_s027_v2_003.jpg,6,2,27,True,10,1049,0.060822818960772886,0.0411522633744856,24,243,0,0,0,0
24,0006_s027_v3_004.jpg,6,3,27,True,10,1049,0.14404341642541546,0.047619047619047616,5,210,0,1,1,1
25,0006_s027_v4_005.jpg,6,4,27,True,10,1049,0.1182273382502493,0.03773584905660377,7,265,0,0,1,1
26,0006_s027_v5_006.jpg,6,5,27,True,10,1049,0.057338086480134096,0.02680965147453083,33,373,0,0,0,0
27,0006_s027_v7_007.jpg,6,7,27,True,10,1049,0.06920394332506019,0.041666666666666664,30,240,0,0,0,0
28,0006_s028_v2_008.jpg,6,2,28,True,12,1051,0.1379576373881197,0.08053691275167785,3,149,0,1,1,1
29,0006_s028_v3_009.jpg,6,3,28,True,12,1051,0.17752763988621242,0.09375,3,128,0,1,1,1
30,0006_s028_v4_010.jpg,6,4,28,True,12,1051,0.19947440605777314,0.05240174672489083,4,229,0,1,1,1
31,0006_s028_v5_011.jpg,6,5,28,True,12,1051,0.07340704889712638,0.04428044280442804,7,271,0,0,1,1
32,0008_s002_v0_000.jpg,8,0,2,True,12,1052,0.08741898534014646,0.0594059405940594,11,202,0,0,0,1
33,0008_s002_v3_001.jpg,8,3,2,True,12,1052,0.0781576264587442,0.029556650246305417,3,406,0,1,1,1
34,0008_s002_v5_002.jpg,8,5,2,True,12,1052,0.25088405352390003,0.0670391061452514,1,179,1,1,1,1
35,0008_s005_v3_013.jpg,8,3,5,True,13,1053,0.11601453455245954,0.029345372460496615,6,443,0,0,1,1
36,0008_s005_v5_014.jpg,8,5,5,True,13,1053,0.09472251916238784,0.03812316715542522,9,341,0,0,1,1
37,0008_s018_v4_003.jpg,8,4,18,True,13,1053,0.15256564487582658,0.040498442367601244,2,321,0,1,1,1
38,0008_s018_v5_004.jpg,8,5,18,True,13,1053,0.13923791936363264,0.030162412993039442,2,431,0,1,1,1
39,0008_s025_v0_005.jpg,8,0,25,True,7,1047,0.03891451672320663,0.024734982332155476,11,283,0,0,0,1
40,0008_s025_v1_006.jpg,8,1,25,True,7,1047,0.035282471303580226,0.01912568306010929,8,366,0,0,1,1
41,0008_s025_v2_007.jpg,8,2,25,True,7,1047,0.022283884647283963,0.015659955257270694,45,447,0,0,0,0
42,0008_s025_v3_008.jpg,8,3,25,True,7,1047,0.0689408284410262,0.035,5,200,0,1,1,1
43,0008_s025_v4_009.jpg,8,4,25,True,7,1047,0.08176037474100592,0.03684210526315789,8,190,0,0,1,1
44,0008_s025_v5_010.jpg,8,5,25,True,7,1047,0.09645937045504804,0.02880658436213992,8,243,0,0,1,1
45,0008_s025_v6_011.jpg,8,6,25,True,7,1047,0.15714354884079113,0.09859154929577464,4,71,0,1,1,1
46,0008_s025_v7_012.jpg,8,7,25,True,7,1047,0.16480196891398102,0.01907356948228883,1,367,1,1,1,1
47,0010_s002_v1_000.jpg,10,1,2,True,3,1052,0.09679127395954674,0.04225352112676056,7,71,0,0,1,1
48,0010_s002_v4_001.jpg,10,4,2,True,3,1052,0.026254601457441216,0.022058823529411766,29,136,0,0,0,0
49,0010_s002_v7_002.jpg,10,7,2,True,3,1052,0.03295544093416434,0.03409090909090909,45,88,0,0,0,0
50,0010_s011_v4_003.jpg,10,4,11,True,3,1052,0.0642623716153128,0.05357142857142857,10,56,0,0,1,1
51,0010_s011_v6_004.jpg,10,6,11,True,3,1052,0.037167692450658714,0.014218009478672985,26,211,0,0,0,0
52,0010_s011_v7_005.jpg,10,7,11,True,3,1052,0.1061474757126931,0.021739130434782608,7,138,0,0,1,1
53,0012_s002_v4_000.jpg,12,4,2,True,2,1053,0.015518967627099789,0.019801980198019802,89,101,0,0,0,0
54,0012_s002_v7_001.jpg,12,7,2,True,2,1053,0.05338691159586682,0.029850746268656716,13,67,0,0,0,1
55,0012_s003_v0_002.jpg,12,0,3,True,2,1053,0.020620748299319726,0.02040816326530612,48,98,0,0,0,0
56,0012_s003_v1_003.jpg,12,1,3,True,2,1053,0.01107986501687289,0.014285714285714285,127,140,0,0,0,0
57,0014_s002_v1_000.jpg,14,1,2,True,6,1053,0.3285233285233285,0.2857142857142857,2,21,0,1,1,1
58,0014_s002_v3_001.jpg,14,3,2,True,6,1053,0.6077485380116958,0.3,1,20,1,1,1,1
59,0014_s005_v3_007.jpg,14,3,5,True,7,1054,0.10978635881606805,0.061946902654867256,10,113,0,0,1,1
60,0014_s020_v0_002.jpg,14,0,20,True,3,1050,0.07372039724980901,0.07142857142857142,11,42,0,0,0,1
61,0014_s020_v1_003.jpg,14,1,20,True,3,1050,0.07298850574712644,0.08333333333333333,15,36,0,0,0,1
62,0014_s020_v2_004.jpg,14,2,20,True,3,1050,0.09906759906759906,0.11538461538461539,11,26,0,0,0,1
63,0014_s020_v3_005.jpg,14,3,20,True,3,1050,0.08037037037037037,0.1111111111111111,20,27,0,0,0,1
64,0014_s020_v4_006.jpg,14,4,20,True,3,1050,0.05177846844513512,0.057692307692307696,27,52,0,0,0,0
65,0016_s002_v0_000.jpg,16,0,2,True,5,1052,0.028758206045252376,0.029940119760479042,56,167,0,0,0,0
66,0016_s002_v3_001.jpg,16,3,2,True,5,1052,0.4891774891774891,0.06493506493506493,1,77,1,1,1,1
67,0016_s002_v5_002.jpg,16,5,2,True,5,1052,0.03738814594292199,0.02262443438914027,25,221,0,0,0,0
68,0016_s003_v0_003.jpg,16,0,3,True,6,1053,0.18483231328058913,0.1,4,60,0,1,1,1
69,0016_s003_v3_004.jpg,16,3,3,True,6,1053,0.776907001044932,0.20689655172413793,1,29,1,1,1,1
70,0016_s004_v1_005.jpg,16,1,4,True,5,1052,0.3518633276740238,0.16129032258064516,1,31,1,1,1,1
71,0016_s004_v3_006.jpg,16,3,4,True,5,1052,0.4813248766737138,0.05813953488372093,1,86,1,1,1,1
72,0016_s004_v5_007.jpg,16,5,4,True,5,1052,0.5819047619047619,0.14285714285714285,1,35,1,1,1,1
73,0020_s003_v4_000.jpg,20,4,3,True,28,1052,0.8593104647332962,0.4666666666666667,1,60,1,1,1,1
74,0020_s003_v5_001.jpg,20,5,3,True,28,1052,0.9529146536899169,0.6363636363636364,1,44,1,1,1,1
75,0020_s003_v7_002.jpg,20,7,3,True,28,1052,0.927799224044139,0.56,1,50,1,1,1,1
76,0020_s025_v0_003.jpg,20,0,25,True,26,1050,0.8786376359169451,0.48148148148148145,1,54,1,1,1,1
77,0020_s025_v3_004.jpg,20,3,25,True,26,1050,0.7612583172089541,0.2988505747126437,1,87,1,1,1,1
78,0020_s025_v4_005.jpg,20,4,25,True,26,1050,0.8308467974020246,0.43333333333333335,1,60,1,1,1,1
79,0020_s025_v5_006.jpg,20,5,25,True,26,1050,0.8593673453515583,0.49056603773584906,1,53,1,1,1,1
80,0020_s025_v6_007.jpg,20,6,25,True,26,1050,0.8392985079946046,0.5652173913043478,1,46,1,1,1,1
81,0020_s026_v0_008.jpg,20,0,26,True,24,1048,0.8437755048681469,0.6153846153846154,1,39,1,1,1,1
82,0020_s026_v1_009.jpg,20,1,26,True,24,1048,0.8405432951205851,0.3870967741935484,1,62,1,1,1,1
83,0020_s026_v2_010.jpg,20,2,26,True,24,1048,0.7948985811682587,0.3380281690140845,1,71,1,1,1,1
84,0020_s026_v3_011.jpg,20,3,26,True,24,1048,0.798073893971269,0.5333333333333333,1,45,1,1,1,1
85,0020_s026_v4_012.jpg,20,4,26,True,24,1048,0.8085968839467109,0.42857142857142855,1,56,1,1,1,1
86,0020_s026_v5_013.jpg,20,5,26,True,24,1048,0.8794626903180626,0.47058823529411764,1,51,1,1,1,1
87,0020_s026_v7_014.jpg,20,7,26,True,24,1048,0.7108780681732805,0.631578947368421,1,38,1,1,1,1
88,0020_s027_v0_015.jpg,20,0,27,True,24,1048,0.6262297817465812,0.5581395348837209,2,43,0,1,1,1
89,0020_s027_v1_016.jpg,20,1,27,True,24,1048,0.5485729259214456,0.42105263157894735,2,57,0,1,1,1
90,0020_s027_v3_017.jpg,20,3,27,True,24,1048,0.8472901055735219,0.5454545454545454,1,44,1,1,1,1
91,0020_s027_v4_018.jpg,20,4,27,True,24,1048,0.7171462996367088,0.5454545454545454,2,44,0,1,1,1
92,0020_s027_v5_019.jpg,20,5,27,True,24,1048,0.9542827501861965,0.7272727272727273,1,33,1,1,1,1
93,0020_s027_v6_020.jpg,20,6,27,True,24,1048,0.8900575935502406,0.5714285714285714,1,42,1,1,1,1
94,0020_s027_v7_021.jpg,20,7,27,True,24,1048,0.6792886180811507,0.6486486486486487,1,37,1,1,1,1
95,0020_s028_v0_022.jpg,20,0,28,True,27,1051,0.7957460969612948,0.46551724137931033,1,58,1,1,1,1
96,0020_s028_v1_023.jpg,20,1,28,True,27,1051,0.7297267623492304,0.47368421052631576,1,57,1,1,1,1
97,0020_s028_v3_024.jpg,20,3,28,True,27,1051,0.8043166098332537,0.48214285714285715,1,56,1,1,1,1
98,0020_s028_v5_025.jpg,20,5,28,True,27,1051,0.8539049951531374,0.48214285714285715,1,56,1,1,1,1
99,0020_s030_v1_026.jpg,20,1,30,True,26,1050,0.7098053258090589,0.4642857142857143,1,56,1,1,1,1
100,0020_s030_v4_027.jpg,20,4,30,True,26,1050,0.5696108296157457,0.24299065420560748,1,107,1,1,1,1
101,0020_s030_v5_028.jpg,20,5,30,True,26,1050,0.8082951564462172,0.49056603773584906,1,53,1,1,1,1
102,0020_s030_v6_029.jpg,20,6,30,True,26,1050,0.8817302137077944,0.43333333333333335,1,60,1,1,1,1
103,0020_s030_v7_030.jpg,20,7,30,True,26,1050,0.7586192578575592,0.5306122448979592,1,49,1,1,1,1
104,0022_s003_v3_007.jpg,22,3,3,True,7,1053,0.14312648136177547,0.15555555555555556,9,45,0,0,1,1
105,0022_s003_v5_008.jpg,22,5,3,True,7,1053,0.14179594914889032,0.125,10,56,0,0,1,1
106,0022_s012_v4_000.jpg,22,4,12,True,7,1053,0.29357998798992585,0.15217391304347827,3,46,0,1,1,1
107,0022_s012_v7_001.jpg,22,7,12,True,7,1053,0.3748361493942484,0.2413793103448276,1,29,1,1,1,1
108,0022_s019_v0_002.jpg,22,0,19,True,4,1050,0.28356950067476383,0.07017543859649122,2,57,0,1,1,1
109,0022_s019_v3_003.jpg,22,3,19,True,4,1050,0.1365230414317873,0.08695652173913043,3,46,0,1,1,1
110,0022_s019_v4_004.jpg,22,4,19,True,4,1050,0.09926739926739926,0.07692307692307693,14,52,0,0,0,1
111,0022_s019_v5_005.jpg,22,5,19,True,4,1050,0.1867243867243867,0.2222222222222222,7,18,0,0,1,1
112,0022_s019_v7_006.jpg,22,7,19,True,4,1050,0.3125146610368285,0.04597701149425287,1,87,1,1,1,1
113,0024_s000_v0_026.jpg,24,0,0,True,26,1047,0.43269130367255537,0.1897810218978102,4,137,0,1,1,1
114,0024_s000_v1_030.jpg,24,1,0,True,26,1047,0.3610325123783227,0.12935323383084577,2,201,0,1,1,1
115,0024_s000_v2_028.jpg,24,2,0,True,26,1047,0.6100036054523871,0.1897810218978102,2,137,0,1,1,1
116,0024_s000_v3_031.jpg,24,3,0,True,26,1047,0.41964702507452756,0.11255411255411256,3,231,0,1,1,1
117,0024_s000_v4_027.jpg,24,4,0,True,26,1047,0.09267682463038172,0.04585537918871252,22,567,0,0,0,0
118,0024_s000_v5_032.jpg,24,5,0,True,26,1047,0.13030515427126863,0.05360824742268041,12,485,0,0,0,1
119,0024_s000_v6_029.jpg,24,6,0,True,26,1047,0.3601097247360687,0.14285714285714285,2,182,0,1,1,1
120,0024_s000_v7_033.jpg,24,7,0,True,26,1047,0.43044361976507745,0.12440191387559808,2,209,0,1,1,1
121,0024_s003_v0_004.jpg,24,0,3,True,31,1052,0.5340541313448459,0.13247863247863248,1,234,1,1,1,1
122,0024_s003_v5_005.jpg,24,5,3,True,31,1052,0.4797474412215378,0.10616438356164383,1,292,1,1,1,1
123,0024_s003_v6_006.jpg,24,6,3,True,31,1052,0.508352465520134,0.125,1,248,1,1,1,1
124,0024_s012_v0_000.jpg,24,0,12,True,30,1051,0.32535669381751703,0.1282051282051282,1,234,1,1,1,1
125,0024_s012_v3_001.jpg,24,3,12,True,30,1051,0.24787642325052142,0.1388888888888889,3,216,0,1,1,1
126,0024_s012_v5_002.jpg,24,5,12,True,30,1051,0.40522855074530534,0.11494252873563218,1,261,1,1,1,1
127,0024_s012_v7_003.jpg,24,7,12,True,30,1051,0.3875055685979551,0.11764705882352941,2,255,0,1,1,1
128,0024_s025_v0_007.jpg,24,0,25,True,27,1048,0.5147042268055165,0.1534090909090909,2,176,0,1,1,1
129,0024_s025_v1_008.jpg,24,1,25,True,27,1048,0.5344729049656218,0.12980769230769232,4,208,0,1,1,1
130,0024_s025_v2_009.jpg,24,2,25,True,27,1048,0.4352893121848196,0.10931174089068826,1,247,1,1,1,1
131,0024_s025_v3_010.jpg,24,3,25,True,27,1048,0.3324277495176611,0.09642857142857143,1,280,1,1,1,1
132,0024_s025_v4_011.jpg,24,4,25,True,27,1048,0.35703795318595544,0.12735849056603774,2,212,0,1,1,1
133,0024_s025_v5_012.jpg,24,5,25,True,27,1048,0.29923531965863687,0.12385321100917432,2,218,0,1,1,1
134,0024_s025_v7_013.jpg,24,7,25,True,27,1048,0.36231018737618925,0.19014084507042253,3,142,0,1,1,1
135,0024_s028_v0_014.jpg,24,0,28,True,26,1047,0.19684142201763072,0.06666666666666667,3,390,0,1,1,1
136,0024_s028_v1_015.jpg,24,1,28,True,26,1047,0.4159705526644254,0.16666666666666666,1,156,1,1,1,1
137,0024_s028_v2_016.jpg,24,2,28,True,26,1047,0.4322304349506082,0.10743801652892562,1,242,1,1,1,1
138,0024_s028_v3_017.jpg,24,3,28,True,26,1047,0.36517647262277375,0.09454545454545454,1,275,1,1,1,1
139,0024_s028_v4_018.jpg,24,4,28,True,26,1047,0.3417942658908506,0.16774193548387098,2,155,0,1,1,1
140,0024_s028_v5_019.jpg,24,5,28,True,26,1047,0.3110147977254672,0.09665427509293681,1,269,1,1,1,1
141,0024_s028_v6_020.jpg,24,6,28,True,26,1047,0.18600727890904734,0.15204678362573099,9,171,0,0,1,1
142,0024_s028_v7_021.jpg,24,7,28,True,26,1047,0.4462903223582813,0.2,1,130,1,1,1,1
143,0024_s029_v1_022.jpg,24,1,29,True,30,1051,0.49478280037097166,0.1048951048951049,1,286,1,1,1,1
144,0024_s029_v2_023.jpg,24,2,29,True,30,1051,0.4100860992100945,0.0783289817232376,1,383,1,1,1,1
145,0024_s029_v3_024.jpg,24,3,29,True,30,1051,0.25587331121452805,0.08875739644970414,4,338,0,1,1,1
146,0024_s029_v7_025.jpg,24,7,29,True,30,1051,0.48046950393029414,0.08264462809917356,1,363,1,1,1,1
147,0026_s002_v2_000.jpg,26,2,2,True,22,1053,0.18231396703880332,0.09865470852017937,3,223,0,1,1,1
148,0026_s002_v4_001.jpg,26,4,2,True,22,1053,0.03532762957621618,0.02534562211981567,20,868,0,0,0,1
149,0026_s003_v1_007.jpg,26,1,3,True,21,1052,0.1359227108953139,0.07924528301886792,4,265,0,1,1,1
150,0026_s003_v3_008.jpg,26,3,3,True,21,1052,0.2419661659848509,0.10194174757281553,1,206,1,1,1,1
151,0026_s003_v5_009.jpg,26,5,3,True,21,1052,0.1281308654013634,0.07692307692307693,7,273,0,0,1,1
152,0026_s005_v1_022.jpg,26,1,5,True,22,1053,0.15100557041264687,0.10185185185185185,5,216,0,1,1,1
153,0026_s005_v3_023.jpg,26,3,5,True,22,1053,0.26131730427329575,0.0944206008583691,4,233,0,1,1,1
154,0026_s014_v1_002.jpg,26,1,14,True,22,1053,0.15563390467062263,0.06489675516224189,3,339,0,1,1,1
155,0026_s014_v4_003.jpg,26,4,14,True,22,1053,0.0621304514715739,0.062146892655367235,41,354,0,0,0,0
156,0026_s020_v4_004.jpg,26,4,20,True,21,1052,0.1003908975247786,0.0621301775147929,15,338,0,0,0,1
157,0026_s020_v5_005.jpg,26,5,20,True,21,1052,0.16434944819698813,0.040776699029126215,8,515,0,0,1,1
158,0026_s020_v7_006.jpg,26,7,20,True,21,1052,0.255071085224242,0.055408970976253295,6,379,0,0,1,1
159,0026_s025_v0_010.jpg,26,0,25,True,18,1049,0.1398244200413596,0.08,3,225,0,1,1,1
160,0026_s025_v1_011.jpg,26,1,25,True,18,1049,0.29793770834229444,0.06569343065693431,1,274,1,1,1,1
161,0026_s025_v4_012.jpg,26,4,25,True,18,1049,0.2982525536686638,0.05787781350482315,1,311,1,1,1,1
162,0026_s025_v5_013.jpg,26,5,25,True,18,1049,0.44624944025114693,0.046153846153846156,1,390,1,1,1,1
163,0026_s025_v6_014.jpg,26,6,25,True,18,1049,0.41459132865806725,0.049315068493150684,1,365,1,1,1,1
164,0026_s025_v7_015.jpg,26,7,25,True,18,1049,0.20915793317441472,0.052478134110787174,1,343,1,1,1,1
165,0026_s027_v1_016.jpg,26,1,27,True,18,1049,0.32760407974103306,0.05084745762711865,1,354,1,1,1,1
166,0026_s027_v3_017.jpg,26,3,27,True,18,1049,0.23566494862971135,0.040632054176072234,1,443,1,1,1,1
167,0026_s027_v4_018.jpg,26,4,27,True,18,1049,0.2529646266838786,0.049586776859504134,1,363,1,1,1,1
168,0026_s027_v5_019.jpg,26,5,27,True,18,1049,0.10855713271107907,0.03163444639718805,3,569,0,1,1,1
169,0026_s027_v6_020.jpg,26,6,27,True,18,1049,0.17907690604148205,0.0481283422459893,1,374,1,1,1,1
170,0026_s027_v7_021.jpg,26,7,27,True,18,1049,0.2352620192211529,0.058823529411764705,1,306,1,1,1,1
171,0030_s004_v5_002.jpg,30,5,4,True,4,1053,0.4772245762711864,0.03389830508474576,1,118,1,1,1,1
172,0030_s004_v7_003.jpg,30,7,4,True,4,1053,0.7050438596491229,0.07017543859649122,1,57,1,1,1,1
173,0030_s005_v5_004.jpg,30,5,5,True,4,1053,0.5954081632653061,0.08163265306122448,1,49,1,1,1,1
174,0030_s005_v7_005.jpg,30,7,5,True,4,1053,0.5357142857142857,0.14285714285714285,1,28,1,1,1,1
175,0030_s018_v0_000.jpg,30,0,18,True,4,1053,0.02566097834423632,0.012461059190031152,16,321,0,0,0,1
176,0030_s018_v3_001.jpg,30,3,18,True,4,1053,1.0,1.0,1,4,1,1,1,1
177,0034_s004_v1_006.jpg,34,1,4,True,11,1053,0.611063595621708,0.11458333333333333,1,96,1,1,1,1
178,0034_s004_v3_007.jpg,34,3,4,True,11,1053,0.7511305869149005,0.13580246913580246,1,81,1,1,1,1
179,0034_s005_v1_008.jpg,34,1,5,True,10,1052,0.7290162710852366,0.1724137931034483,1,58,1,1,1,1
180,0034_s005_v3_009.jpg,34,3,5,True,10,1052,0.8333974358974359,0.47619047619047616,1,21,1,1,1,1
181,0034_s005_v7_010.jpg,34,7,5,True,10,1052,0.7891575091575092,0.47619047619047616,1,21,1,1,1,1
182,0034_s009_v1_011.jpg,34,1,9,True,11,1053,0.6752626289070375,0.2037037037037037,1,54,1,1,1,1
183,0034_s009_v3_012.jpg,34,3,9,True,11,1053,0.7332944832944833,0.4230769230769231,1,26,1,1,1,1
184,0034_s014_v1_000.jpg,34,1,14,True,10,1052,0.4115506922550124,0.045871559633027525,1,218,1,1,1,1
185,0034_s014_v3_001.jpg,34,3,14,True,10,1052,0.5362279162279162,0.05405405405405406,1,185,1,1,1,1
186,0034_s014_v4_002.jpg,34,4,14,True,10,1052,0.3026697856753536,0.0353356890459364,1,283,1,1,1,1
187,0034_s018_v1_003.jpg,34,1,18,True,10,1052,0.5172401394567274,0.07142857142857142,1,140,1,1,1,1
188,0034_s018_v3_004.jpg,34,3,18,True,10,1052,0.2803081103005952,0.05917159763313609,1,169,1,1,1,1
189,0034_s018_v5_005.jpg,34,5,18,True,10,1052,0.4418498282053269,0.19607843137254902,2,51,0,1,1,1
190,0036_s000_v0_011.jpg,36,0,0,True,11,1048,0.013081387274991446,0.015558698727015558,179,707,0,0,0,0
191,0036_s000_v1_015.jpg,36,1,0,True,11,1048,0.022820230872635974,0.026252983293556086,135,419,0,0,0,0
192,0036_s000_v2_013.jpg,36,2,0,True,11,1048,0.013011562286753802,0.01661631419939577,223,662,0,0,0,0
193,0036_s000_v3_016.jpg,36,3,0,True,11,1048,0.0116422655833139,0.013496932515337423,93,815,0,0,0,0
194,0036_s000_v4_012.jpg,36,4,0,True,11,1048,0.008231119689766121,0.012168141592920354,358,904,0,0,0,0
195,0036_s000_v5_017.jpg,36,5,0,True,11,1048,0.02077964140800852,0.0196078431372549,75,561,0,0,0,0
196,0036_s000_v6_014.jpg,36,6,0,True,11,1048,0.018027085849455914,0.019097222222222224,104,576,0,0,0,0
197,0036_s004_v1_003.jpg,36,1,4,True,16,1053,0.464237269686445,0.029411764705882353,1,544,1,1,1,1
198,0036_s004_v3_004.jpg,36,3,4,True,16,1053,0.4193768157833603,0.04776119402985075,1,335,1,1,1,1
199,0036_s007_v6_005.jpg,36,6,7,True,17,1054,0.2729729853614907,0.028716216216216218,1,592,1,1,1,1
200,0036_s008_v1_006.jpg,36,1,8,True,16,1053,0.4904352124205319,0.02909090909090909,1,550,1,1,1,1
201,0036_s008_v7_007.jpg,36,7,8,True,16,1053,0.36923130513978275,0.03368421052631579,1,475,1,1,1,1
202,0036_s009_v1_008.jpg,36,1,9,True,15,1052,0.4084986148036421,0.021551724137931036,2,696,0,1,1,1
203,0036_s009_v4_009.jpg,36,4,9,True,15,1052,0.31157591060765,0.02276176024279211,1,659,1,1,1,1
204,0036_s009_v7_010.jpg,36,7,9,True,15,1052,0.4172655082670707,0.022222222222222223,1,675,1,1,1,1
205,0036_s012_v1_000.jpg,36,1,12,True,15,1052,0.269483913099801,0.017814726840855107,1,842,1,1,1,1
206,0036_s012_v4_001.jpg,36,4,12,True,15,1052,0.30872003367778156,0.022865853658536585,1,656,1,1,1,1
207,0036_s012_v7_002.jpg,36,7,12,True,15,1052,0.250230144031134,0.017772511848341232,2,844,0,1,1,1
208,0045_s005_v1_000.jpg,45,1,5,True,3,1052,0.6666666666666666,0.5,1,6,1,1,1,1
209,0045_s005_v3_001.jpg,45,3,5,True,3,1052,1.0,1.0,1,3,1,1,1,1
210,0045_s005_v7_002.jpg,45,7,5,True,3,1052,0.9166666666666666,0.75,1,4,1,1,1,1
211,0045_s009_v1_003.jpg,45,1,9,True,3,1052,0.9166666666666666,0.75,1,4,1,1,1,1
212,0045_s009_v3_004.jpg,45,3,9,True,3,1052,0.9166666666666666,0.75,1,4,1,1,1,1
213,0045_s009_v5_005.jpg,45,5,9,True,3,1052,1.0,1.0,1,3,1,1,1,1
214,0047_s005_v1_003.jpg,47,1,5,True,6,1053,0.12504604895909247,0.09090909090909091,7,66,0,0,1,1
215,0047_s005_v2_004.jpg,47,2,5,True,6,1053,0.0651123690165968,0.039473684210526314,11,152,0,0,0,1
216,0047_s009_v1_005.jpg,47,1,9,True,5,1052,0.12307562994876871,0.0684931506849315,5,73,0,1,1,1
217,0047_s009_v4_006.jpg,47,4,9,True,5,1052,0.13383620689655173,0.15625,10,32,0,0,1,1
218,0047_s009_v7_007.jpg,47,7,9,True,5,1052,0.126886236368995,0.1282051282051282,6,39,0,0,1,1
219,0047_s018_v0_000.jpg,47,0,18,True,5,1052,0.0784902054467272,0.06493506493506493,11,77,0,0,0,1
220,0047_s018_v1_001.jpg,47,1,18,True,5,1052,0.12692942948782773,0.07692307692307693,3,65,0,1,1,1
221,0047_s018_v7_002.jpg,47,7,18,True,5,1052,0.18826461314576765,0.125,2,40,0,1,1,1
222,0059_s007_v2_015.jpg,59,2,7,True,18,1053,0.9347519310754604,0.8181818181818182,1,22,1,1,1,1
223,0059_s007_v7_016.jpg,59,7,7,True,18,1053,0.5490413394875345,0.18,1,100,1,1,1,1
224,0059_s011_v1_017.jpg,59,1,11,True,17,1052,0.6611753796527267,0.22666666666666666,1,75,1,1,1,1
225,0059_s011_v5_018.jpg,59,5,11,True,17,1052,0.48899093139081407,0.13385826771653545,1,127,1,1,1,1
226,0059_s011_v7_019.jpg,59,7,11,True,17,1052,0.7766852537479435,0.2786885245901639,1,61,1,1,1,1
227,0059_s015_v1_000.jpg,59,1,15,True,17,1052,0.30345910189631403,0.125,4,136,0,1,1,1
228,0059_s015_v2_001.jpg,59,2,15,True,17,1052,0.7945110232853815,0.425,1,40,1,1,1,1
229,0059_s015_v6_002.jpg,59,6,15,True,17,1052,0.15596678354410456,0.08542713567839195,4,199,0,1,1,1
230,0059_s016_v0_003.jpg,59,0,16,True,18,1053,0.6409740629103611,0.1782178217821782,1,101,1,1,1,1
231,0059_s016_v7_004.jpg,59,7,16,True,18,1053,0.5615200084317731,0.23076923076923078,1,78,1,1,1,1
232,0059_s021_v1_005.jpg,59,1,21,True,16,1051,0.4273562894913196,0.13445378151260504,1,119,1,1,1,1
233,0059_s021_v2_006.jpg,59,2,21,True,16,1051,0.3567817392859233,0.052980132450331126,1,302,1,1,1,1
234,0059_s021_v3_007.jpg,59,3,21,True,16,1051,0.4980785278737865,0.1839080459770115,1,87,1,1,1,1
235,0059_s021_v7_008.jpg,59,7,21,True,16,1051,0.5139113911880336,0.22535211267605634,1,71,1,1,1,1
236,0059_s028_v0_009.jpg,59,0,28,True,14,1049,0.5439785388827201,0.1794871794871795,1,78,1,1,1,1
237,0059_s028_v1_010.jpg,59,1,28,True,14,1049,0.6330079783189458,0.2916666666666667,1,48,1,1,1,1
238,0059_s028_v2_011.jpg,59,2,28,True,14,1049,0.40242380802020744,0.18666666666666668,1,75,1,1,1,1
239,0059_s028_v5_012.jpg,59,5,28,True,14,1049,0.17138663688696837,0.06086956521739131,7,230,0,0,1,1
240,0059_s028_v6_013.jpg,59,6,28,True,14,1049,0.41749091757323586,0.14285714285714285,1,98,1,1,1,1
241,0059_s028_v7_014.jpg,59,7,28,True,14,1049,0.7273871294061857,0.24561403508771928,1,57,1,1,1,1
242,0063_s007_v0_007.jpg,63,0,7,True,7,1052,0.19233523368861719,0.07142857142857142,3,98,0,1,1,1
243,0063_s007_v2_008.jpg,63,2,7,True,7,1052,0.6146517302573203,0.30434782608695654,1,23,1,1,1,1
244,0063_s007_v3_009.jpg,63,3,7,True,7,1052,0.19141685824527438,0.109375,4,64,0,1,1,1
245,0063_s025_v0_000.jpg,63,0,25,True,3,1048,0.4603174603174603,0.21428571428571427,1,14,1,1,1,1
246,0063_s025_v1_001.jpg,63,1,25,True,3,1048,0.8333333333333334,0.5,1,6,1,1,1,1
247,0063_s025_v3_002.jpg,63,3,25,True,3,1048,0.06579153605015674,0.0375,11,80,0,0,0,1
248,0063_s025_v4_003.jpg,63,4,25,True,3,1048,0.3333333333333333,0.16666666666666666,3,18,0,1,1,1
249,0063_s025_v5_004.jpg,63,5,25,True,3,1048,0.1292041292041292,0.14285714285714285,11,21,0,0,0,1
250,0063_s025_v6_005.jpg,63,6,25,True,3,1048,0.0764176086756732,0.0967741935483871,18,31,0,0,0,1
251,0063_s025_v7_006.jpg,63,7,25,True,3,1048,0.06556776556776557,0.04285714285714286,13,70,0,0,0,1
252,0069_s008_v2_003.jpg,69,2,8,True,3,1052,0.08961640211640211,0.1111111111111111,16,27,0,0,0,1
253,0069_s008_v4_004.jpg,69,4,8,True,3,1052,0.012109880194806605,0.009316770186335404,52,322,0,0,0,0
254,0069_s008_v7_005.jpg,69,7,8,True,3,1052,0.2507936507936508,0.3,6,10,0,0,1,1
255,0069_s012_v1_000.jpg,69,1,12,True,3,1052,0.10665303688559502,0.023255813953488372,7,129,0,0,1,1
256,0069_s012_v5_001.jpg,69,5,12,True,3,1052,0.07681080094873198,0.10344827586206896,18,29,0,0,0,1
257,0069_s012_v7_002.jpg,69,7,12,True,3,1052,0.06038850038850039,0.013333333333333334,11,225,0,0,0,1
258,0075_s009_v3_016.jpg,75,3,9,True,16,1052,0.4467568236988345,0.17582417582417584,1,91,1,1,1,1
259,0075_s009_v5_017.jpg,75,5,9,True,16,1052,0.5328968008195898,0.07920792079207921,1,202,1,1,1,1
260,0075_s009_v7_018.jpg,75,7,9,True,16,1052,0.13697766366139552,0.05860805860805861,3,273,0,1,1,1
261,0075_s012_v1_000.jpg,75,1,12,True,16,1052,0.5482049752291032,0.11428571428571428,1,140,1,1,1,1
262,0075_s012_v3_001.jpg,75,3,12,True,16,1052,0.4553096479997615,0.1702127659574468,1,94,1,1,1,1
263,0075_s012_v4_002.jpg,75,4,12,True,16,1052,0.5116871092933457,0.15841584158415842,1,101,1,1,1,1
264,0075_s019_v0_003.jpg,75,0,19,True,16,1052,0.34636319056149717,0.08040201005025126,1,199,1,1,1,1
265,0075_s019_v3_004.jpg,75,3,19,True,16,1052,0.5571683318517148,0.08333333333333333,1,192,1,1,1,1
266,0075_s019_v5_005.jpg,75,5,19,True,16,1052,0.37263758953134557,0.09090909090909091,1,176,1,1,1,1
267,0075_s021_v1_006.jpg,75,1,21,True,15,1051,0.45069945895868657,0.10638297872340426,1,141,1,1,1,1
268,0075_s021_v5_007.jpg,75,5,21,True,15,1051,0.19083783071015983,0.1048951048951049,4,143,0,1,1,1
269,0075_s021_v6_008.jpg,75,6,21,True,15,1051,0.11391947144794826,0.030120481927710843,9,498,0,0,1,1
270,0075_s021_v7_009.jpg,75,7,21,True,15,1051,0.287544285776314,0.17045454545454544,6,88,0,0,1,1
271,0075_s029_v0_010.jpg,75,0,29,True,13,1049,0.15889402519228762,0.07262569832402235,1,179,1,1,1,1
272,0075_s029_v1_011.jpg,75,1,29,True,13,1049,0.15930507895844523,0.07602339181286549,1,171,1,1,1,1
273,0075_s029_v2_012.jpg,75,2,29,True,13,1049,0.32001162674950123,0.06735751295336788,1,193,1,1,1,1
274,0075_s029_v3_013.jpg,75,3,29,True,13,1049,0.6981571515676648,0.13829787234042554,1,94,1,1,1,1
275,0075_s029_v5_014.jpg,75,5,29,True,13,1049,0.7833770769628091,0.2765957446808511,1,47,1,1,1,1
276,0075_s029_v6_015.jpg,75,6,29,True,13,1049,0.39121549602859385,0.08609271523178808,1,151,1,1,1,1
277,0079_s010_v1_006.jpg,79,1,10,True,6,1053,0.41559139784946236,0.1935483870967742,2,31,0,1,1,1
278,0079_s010_v3_007.jpg,79,3,10,True,6,1053,0.8888888888888888,0.3333333333333333,1,18,1,1,1,1
279,0079_s013_v1_000.jpg,79,1,13,True,6,1053,0.6826694297336711,0.046511627906976744,1,129,1,1,1,1
280,0079_s013_v3_001.jpg,79,3,13,True,6,1053,0.25227970799252786,0.05504587155963303,3,109,0,1,1,1
281,0079_s022_v1_002.jpg,79,1,22,True,4,1051,0.8875,0.8,1,5,1,1,1,1
282,0079_s022_v3_003.jpg,79,3,22,True,4,1051,0.95,0.8,1,5,1,1,1,1
283,0079_s022_v4_004.jpg,79,4,22,True,4,1051,0.5899253731343284,0.05970149253731343,1,67,1,1,1,1
284,0079_s022_v5_005.jpg,79,5,22,True,4,1051,0.12025795339714966,0.039603960396039604,9,101,0,0,1,1
285,0088_s010_v1_007.jpg,88,1,10,True,7,1052,0.058723814066613596,0.020527859237536656,10,341,0,0,1,1
286,0088_s010_v3_008.jpg,88,3,10,True,7,1052,0.01572058877405839,0.011345218800648298,77,617,0,0,0,0
287,0088_s010_v7_009.jpg,88,7,10,True,7,1052,0.15359662050932796,0.019178082191780823,5,365,0,1,1,1
288,0088_s013_v2_000.jpg,88,2,13,True,7,1052,0.2899357569114602,0.125,2,56,0,1,1,1
289,0088_s013_v4_001.jpg,88,4,13,True,7,1052,0.027406269663696838,0.012704174228675136,39,551,0,0,0,0
290,0088_s013_v7_002.jpg,88,7,13,True,7,1052,0.04126777255191861,0.022222222222222223,15,315,0,0,0,1
291,0088_s015_v1_003.jpg,88,1,15,True,8,1053,0.040640469508841065,0.015473887814313346,24,517,0,0,0,0
292,0088_s015_v7_004.jpg,88,7,15,True,8,1053,0.4022418134143798,0.07079646017699115,3,113,0,1,1,1
293,0088_s022_v1_005.jpg,88,1,22,True,8,1053,0.4529039940861291,0.034482758620689655,1,232,1,1,1,1
294,0088_s022_v7_006.jpg,88,7,22,True,8,1053,0.1414428559791463,0.03225806451612903,6,248,0,0,1,1
295,0090_s000_v0_003.jpg,90,0,0,True,3,1047,0.007793720127160768,0.01079136690647482,208,278,0,0,0,0
296,0090_s000_v1_007.jpg,90,1,0,True,3,1047,0.02547838626068168,0.034482758620689655,67,87,0,0,0,0
297,0090_s000_v2_005.jpg,90,2,0,True,3,1047,0.008891629930099135,0.008620689655172414,154,348,0,0,0,0
298,0090_s000_v3_008.jpg,90,3,0,True,3,1047,0.01649376483136074,0.014492753623188406,55,207,0,0,0,0
299,0090_s000_v4_004.jpg,90,4,0,True,3,1047,0.004718714826017145,0.006289308176100629,360,477,0,0,0,0
300,0090_s000_v5_009.jpg,90,5,0,True,3,1047,0.010984148486945533,0.011583011583011582,109,259,0,0,0,0
301,0090_s000_v6_006.jpg,90,6,0,True,3,1047,0.007713583197760191,0.010830324909747292,227,277,0,0,0,0
302,0090_s000_v7_010.jpg,90,7,0,True,3,1047,0.012049685386223462,0.014150943396226415,108,212,0,0,0,0
303,0090_s010_v1_000.jpg,90,1,10,True,8,1052,0.037963981366504446,0.021798365122615803,17,367,0,0,0,1
304,0090_s010_v3_001.jpg,90,3,10,True,8,1052,0.05020866148264148,0.023952095808383235,21,334,0,0,0,0
305,0090_s010_v5_002.jpg,90,5,10,True,8,1052,0.03418299566673989,0.021052631578947368,21,380,0,0,0,0
306,0092_s010_v1_004.jpg,92,1,10,True,4,1052,0.6013257575757576,0.36363636363636365,1,11,1,1,1,1
307,0092_s010_v4_005.jpg,92,4,10,True,4,1052,0.04764770748377306,0.023809523809523808,11,168,0,0,0,1
308,0092_s010_v7_006.jpg,92,7,10,True,4,1052,0.18606301106301107,0.14814814814814814,5,27,0,1,1,1
309,0092_s022_v0_000.jpg,92,0,22,True,3,1051,0.5119047619047619,0.25,1,12,1,1,1,1
310,0092_s022_v1_001.jpg,92,1,22,True,3,1051,0.4261904761904762,0.02857142857142857,1,105,1,1,1,1
311,0092_s022_v3_002.jpg,92,3,22,True,3,1051,0.07468457468457468,0.02564102564102564,6,117,0,0,1,1
312,0092_s022_v7_003.jpg,92,7,22,True,3,1051,0.09129901960784315,0.09375,16,32,0,0,0,1
313,0094_s011_v0_020.jpg,94,0,11,True,20,1053,0.15097300052722945,0.02932551319648094,1,682,1,1,1,1
314,0094_s011_v3_021.jpg,94,3,11,True,20,1053,0.27669450904491233,0.08064516129032258,1,248,1,1,1,1
315,0094_s013_v4_000.jpg,94,4,13,True,20,1053,0.18583547718249707,0.024330900243309004,1,822,1,1,1,1
316,0094_s013_v7_001.jpg,94,7,13,True,20,1053,0.28402211552909623,0.066006600660066,1,303,1,1,1,1
317,0094_s015_v4_002.jpg,94,4,15,True,20,1053,0.13432274646893055,0.02812939521800281,1,711,1,1,1,1
318,0094_s015_v7_003.jpg,94,7,15,True,20,1053,0.44926303145730684,0.0975609756097561,1,205,1,1,1,1
319,0094_s016_v1_004.jpg,94,1,16,True,20,1053,0.3339690064008206,0.04149377593360996,1,482,1,1,1,1
320,0094_s016_v7_005.jpg,94,7,16,True,20,1053,0.4028658703171716,0.07547169811320754,1,265,1,1,1,1
321,0094_s023_v0_006.jpg,94,0,23,True,17,1050,0.3429660941465512,0.042606516290726815,1,399,1,1,1,1
322,0094_s023_v1_007.jpg,94,1,23,True,17,1050,0.48195593029783396,0.13385826771653545,1,127,1,1,1,1
323,0094_s023_v2_008.jpg,94,2,23,True,17,1050,0.23421397967324684,0.06390977443609022,2,266,0,1,1,1
324,0094_s023_v6_009.jpg,94,6,23,True,17,1050,0.09253615159880639,0.05555555555555555,15,306,0,0,0,1
325,0094_s023_v6_010.jpg,94,6,23,True,17,1050,0.32603576149807767,0.051515151515151514,1,330,1,1,1,1
326,0094_s024_v0_011.jpg,94,0,24,True,16,1049,0.2623361185969363,0.052980132450331126,1,302,1,1,1,1
327,0094_s024_v1_012.jpg,94,1,24,True,16,1049,0.3032197036761532,0.06299212598425197,1,254,1,1,1,1
328,0094_s024_v3_013.jpg,94,3,24,True,16,1049,0.10942244858551617,0.037914691943127965,6,422,0,0,1,1
329,0094_s024_v4_014.jpg,94,4,24,True,16,1049,0.07222548814656134,0.037383177570093455,6,428,0,0,1,1
330,0094_s024_v5_015.jpg,94,5,24,True,16,1049,0.06424808978004055,0.025,13,640,0,0,0,1
331,0094_s024_v7_016.jpg,94,7,24,True,16,1049,0.22721939036828848,0.05755395683453238,1,278,1,1,1,1
332,0094_s028_v4_017.jpg,94,4,28,True,19,1052,0.14090795270018316,0.0815450643776824,4,233,0,1,1,1
333,0094_s028_v6_018.jpg,94,6,28,True,19,1052,0.33209342044994555,0.04148471615720524,1,458,1,1,1,1
334,0094_s028_v7_019.jpg,94,7,28,True,19,1052,0.5486012993671487,0.12258064516129032,1,155,1,1,1,1
335,0096_s011_v3_010.jpg,96,3,11,True,10,1052,0.05196142017713088,0.043478260869565216,30,230,0,0,0,0
336,0096_s011_v5_011.jpg,96,5,11,True,10,1052,0.09661519666397977,0.04065040650406504,2,246,0,1,1,1
337,0096_s011_v7_012.jpg,96,7,11,True,10,1052,0.1417251645344931,0.03389830508474576,4,295,0,1,1,1
338,0096_s015_v0_000.jpg,96,0,15,True,10,1052,0.5819237472766885,0.046296296296296294,1,216,1,1,1,1
339,0096_s015_v4_001.jpg,96,4,15,True,10,1052,0.19345943958691808,0.0390625,1,256,1,1,1,1
340,0096_s015_v6_002.jpg,96,6,15,True,10,1052,0.23946312175220924,0.0353356890459364,1,283,1,1,1,1
341,0096_s022_v4_003.jpg,96,4,22,True,11,1053,0.08024309945993104,0.022916666666666665,7,480,0,0,1,1
342,0096_s022_v7_004.jpg,96,7,22,True,11,1053,0.5363245494343055,0.08333333333333333,1,132,1,1,1,1
343,0096_s024_v5_005.jpg,96,5,24,True,11,1053,0.43198454266851094,0.088,1,125,1,1,1,1
344,0096_s024_v7_006.jpg,96,7,24,True,11,1053,0.5097421217012992,0.05789473684210526,1,190,1,1,1,1
345,0096_s028_v0_007.jpg,96,0,28,True,10,1052,0.24808268579788256,0.02336448598130841,1,428,1,1,1,1
346,0096_s028_v5_008.jpg,96,5,28,True,10,1052,0.43068811949089925,0.05319148936170213,1,188,1,1,1,1
347,0096_s028_v7_009.jpg,96,7,28,True,10,1052,0.40941577941577945,0.09009009009009009,1,111,1,1,1,1
348,0100_s011_v1_010.jpg,100,1,11,True,10,1053,0.3892132876658048,0.2857142857142857,2,35,0,1,1,1
349,0100_s011_v4_011.jpg,100,4,11,True,10,1053,0.20174622453803637,0.12195121951219512,9,82,0,0,1,1
350,0100_s017_v0_000.jpg,100,0,17,True,9,1052,0.4548916506411715,0.13636363636363635,1,66,1,1,1,1
351,0100_s017_v1_001.jpg,100,1,17,True,9,1052,0.4839733187886403,0.20930232558139536,1,43,1,1,1,1
352,0100_s017_v3_002.jpg,100,3,17,True,9,1052,0.28021327151172115,0.1125,1,80,1,1,1,1
353,0100_s025_v0_003.jpg,100,0,25,True,5,1048,0.3943062102889936,0.12195121951219512,1,41,1,1,1,1
354,0100_s025_v1_004.jpg,100,1,25,True,5,1048,0.6630541871921183,0.1724137931034483,1,29,1,1,1,1
355,0100_s025_v2_005.jpg,100,2,25,True,5,1048,0.6596491228070176,0.13157894736842105,1,38,1,1,1,1
356,0100_s025_v3_006.jpg,100,3,25,True,5,1048,0.45722402597402595,0.15625,1,32,1,1,1,1
357,0100_s025_v4_007.jpg,100,4,25,True,5,1048,0.16060045266941816,0.08620689655172414,4,58,0,1,1,1
358,0100_s025_v5_008.jpg,100,5,25,True,5,1048,0.18311598311598312,0.07692307692307693,3,65,0,1,1,1
359,0100_s025_v7_009.jpg,100,7,25,True,5,1048,0.4746031746031746,0.2777777777777778,1,18,1,1,1,1
360,0110_s011_v4_002.jpg,110,4,11,True,2,1052,0.27439024390243905,0.04878048780487805,2,41,0,1,1,1
361,0110_s011_v6_003.jpg,110,6,11,True,2,1052,0.08496732026143791,0.1111111111111111,17,18,0,0,0,1
362,0110_s011_v7_004.jpg,110,7,11,True,2,1052,0.14285714285714285,0.14285714285714285,7,14,0,0,1,1
363,0110_s012_v0_000.jpg,110,0,12,True,3,1053,0.30036630036630035,0.11538461538461539,2,26,0,1,1,1
364,0110_s012_v5_001.jpg,110,5,12,True,3,1053,0.6388888888888888,0.75,2,4,0,1,1,1
365,0112_s012_v0_000.jpg,112,0,12,True,7,1053,0.22723108844263656,0.13725490196078433,2,51,0,1,1,1
366,0112_s012_v3_001.jpg,112,3,12,True,7,1053,0.623455909170195,0.1794871794871795,1,39,1,1,1,1
367,0112_s018_v0_002.jpg,112,0,18,True,7,1053,0.1611870433384219,0.0875,2,80,0,1,1,1
368,0112_s018_v3_003.jpg,112,3,18,True,7,1053,0.3367882117882117,0.1794871794871795,1,39,1,1,1,1
369,0112_s025_v1_004.jpg,112,1,25,True,4,1050,0.022615805581491857,0.021164021164021163,40,189,0,0,0,0
370,0112_s025_v2_005.jpg,112,2,25,True,4,1050,0.05946902881100289,0.06153846153846154,17,65,0,0,0,1
371,0112_s025_v3_006.jpg,112,3,25,True,4,1050,0.1913382594417077,0.06666666666666667,2,60,0,1,1,1
372,0112_s025_v4_007.jpg,112,4,25,True,4,1050,0.18017676767676766,0.18181818181818182,6,22,0,0,1,1
373,0112_s025_v5_008.jpg,112,5,25,True,4,1050,0.029566674161029087,0.02631578947368421,31,152,0,0,0,0
374,0114_s012_v3_000.jpg,114,3,12,True,11,1053,0.5287901684725614,0.08208955223880597,1,134,1,1,1,1
375,0114_s012_v5_001.jpg,114,5,12,True,11,1053,0.6043727777825821,0.1527777777777778,1,72,1,1,1,1
376,0114_s016_v3_002.jpg,114,3,16,True,11,1053,0.5262237864853615,0.11,1,100,1,1,1,1
377,0114_s016_v5_003.jpg,114,5,16,True,11,1053,0.6014799154334038,0.11956521739130435,1,92,1,1,1,1
378,0114_s018_v0_004.jpg,114,0,18,True,9,1051,0.31666261164281495,0.09574468085106383,1,94,1,1,1,1
379,0114_s018_v1_005.jpg,114,1,18,True,9,1051,0.6341457762510393,0.23684210526315788,1,38,1,1,1,1
380,0114_s018_v2_006.jpg,114,2,18,True,9,1051,0.6607312440645773,0.34615384615384615,1,26,1,1,1,1
381,0114_s018_v6_007.jpg,114,6,18,True,9,1051,0.7906388361796332,0.14516129032258066,1,62,1,1,1,1
382,0114_s019_v0_008.jpg,114,0,19,True,8,1050,0.6493906455862978,0.17391304347826086,1,46,1,1,1,1
383,0114_s019_v1_009.jpg,114,1,19,True,8,1050,0.6549883258660946,0.1509433962264151,1,53,1,1,1,1
384,0114_s019_v2_010.jpg,114,2,19,True,8,1050,0.8651315789473684,0.42105263157894735,1,19,1,1,1,1
385,0114_s019_v4_011.jpg,114,4,19,True,8,1050,0.4472970610262454,0.07339449541284404,1,109,1,1,1,1
386,0114_s019_v6_012.jpg,114,6,19,True,8,1050,0.783511396011396,0.2962962962962963,1,27,1,1,1,1
387,0116_s012_v0_000.jpg,116,0,12,True,4,1052,0.25908119658119655,0.2222222222222222,3,18,0,1,1,1
388,0116_s012_v4_001.jpg,116,4,12,True,4,1052,1.0,1.0,1,4,1,1,1,1
389,0116_s012_v6_002.jpg,116,6,12,True,4,1052,0.7095238095238094,0.5714285714285714,1,7,1,1,1,1
390,0116_s029_v1_003.jpg,116,1,29,True,3,1051,0.18835978835978837,0.2,7,15,0,0,1,1
391,0116_s029_v3_004.jpg,116,3,29,True,3,1051,0.439922480620155,0.06976744186046512,1,43,1,1,1,1
392,0116_s029_v5_005.jpg,116,5,29,True,3,1051,0.11249720545495194,0.04225352112676056,5,71,0,1,1,1
393,0116_s029_v7_006.jpg,116,7,29,True,3,1051,0.4166666666666667,0.25,2,12,0,1,1,1
394,0122_s012_v2_000.jpg,122,2,12,True,10,1052,0.7444505494505494,0.2564102564102564,1,39,1,1,1,1
395,0122_s012_v5_001.jpg,122,5,12,True,10,1052,0.6012198912198912,0.18181818181818182,1,55,1,1,1,1
396,0122_s012_v7_002.jpg,122,7,12,True,10,1052,0.49614194139194145,0.3125,1,32,1,1,1,1
397,0122_s013_v0_003.jpg,122,0,13,True,11,1053,0.26403428959534864,0.18032786885245902,2,61,0,1,1,1
398,0122_s013_v1_004.jpg,122,1,13,True,11,1053,0.8404717806245819,0.3548387096774194,1,31,1,1,1,1
399,0122_s025_v0_005.jpg,122,0,25,True,5,1047,0.18602157567832625,0.07246376811594203,3,69,0,1,1,1
400,0122_s025_v1_006.jpg,122,1,25,True,5,1047,0.38382352941176473,0.29411764705882354,2,17,0,1,1,1
401,0122_s025_v2_007.jpg,122,2,25,True,5,1047,0.5485714285714286,0.14285714285714285,1,35,1,1,1,1
402,0122_s025_v3_008.jpg,122,3,25,True,5,1047,0.3823809523809524,0.25,2,20,0,1,1,1
403,0122_s025_v4_009.jpg,122,4,25,True,5,1047,0.3108365508365508,0.13513513513513514,2,37,0,1,1,1
404,0122_s025_v5_010.jpg,122,5,25,True,5,1047,0.3753463203463204,0.23809523809523808,2,21,0,1,1,1
405,0122_s025_v6_011.jpg,122,6,25,True,5,1047,0.13403965599617776,0.14285714285714285,5,35,0,1,1,1
406,0122_s025_v7_012.jpg,122,7,25,True,5,1047,0.04856538820737531,0.056179775280898875,41,89,0,0,0,0
407,0127_s013_v0_000.jpg,127,0,13,True,4,1053,0.4169642857142857,0.14285714285714285,1,28,1,1,1,1
408,0127_s013_v3_001.jpg,127,3,13,True,4,1053,0.1953598484848485,0.06060606060606061,3,66,0,1,1,1
409,0127_s022_v4_002.jpg,127,4,22,True,4,1053,0.43448275862068964,0.13793103448275862,1,29,1,1,1,1
410,0127_s022_v7_003.jpg,127,7,22,True,4,1053,0.26029249954153677,0.0975609756097561,2,41,0,1,1,1
411,0127_s028_v3_004.jpg,127,3,28,True,4,1053,0.3433229813664596,0.1,1,40,1,1,1,1
412,0127_s028_v5_005.jpg,127,5,28,True,4,1053,0.12593427835051546,0.041237113402061855,3,97,0,1,1,1
413,0129_s013_v0_000.jpg,129,0,13,True,13,1052,0.3456216714141242,0.0962962962962963,1,135,1,1,1,1
414,0129_s013_v3_001.jpg,129,3,13,True,13,1052,0.3034939337770481,0.056768558951965066,3,229,0,1,1,1
415,0129_s013_v5_002.jpg,129,5,13,True,13,1052,0.45335029560329776,0.06598984771573604,1,197,1,1,1,1
416,0129_s015_v3_003.jpg,129,3,15,True,13,1052,0.29910208724999976,0.0962962962962963,2,135,0,1,1,1
417,0129_s015_v5_004.jpg,129,5,15,True,13,1052,0.48324097772481,0.07428571428571429,1,175,1,1,1,1
418,0129_s015_v7_005.jpg,129,7,15,True,13,1052,0.20738792893581737,0.05371900826446281,1,242,1,1,1,1
419,0129_s016_v1_006.jpg,129,1,16,True,14,1053,0.23462691355057444,0.17073170731707318,4,82,0,1,1,1
420,0129_s016_v6_007.jpg,129,6,16,True,14,1053,0.29429489551662097,0.06698564593301436,2,209,0,1,1,1
421,0129_s023_v0_008.jpg,129,0,23,True,11,1050,0.17909580230415198,0.03225806451612903,1,341,1,1,1,1
422,0129_s023_v1_009.jpg,129,1,23,True,11,1050,0.22650031463432763,0.05913978494623656,1,186,1,1,1,1
423,0129_s023_v3_010.jpg,129,3,23,True,11,1050,0.3051797344469759,0.04741379310344827,1,232,1,1,1,1
424,0129_s023_v4_011.jpg,129,4,23,True,11,1050,0.3707411773052408,0.10784313725490197,2,102,0,1,1,1
425,0129_s023_v5_012.jpg,129,5,23,True,11,1050,0.5489361872695206,0.06285714285714286,1,175,1,1,1,1
426,0129_s024_v0_013.jpg,129,0,24,True,13,1052,0.16753162372295025,0.05327868852459016,1,244,1,1,1,1
427,0129_s024_v4_014.jpg,129,4,24,True,13,1052,0.35010813595655227,0.11607142857142858,1,112,1,1,1,1
428,0129_s024_v5_015.jpg,129,5,24,True,13,1052,0.3658381021847704,0.07065217391304347,1,184,1,1,1,1
429,0139_s000_v0_002.jpg,139,0,0,True,2,1047,0.625,0.25,1,8,1,1,1,1
430,0139_s000_v1_006.jpg,139,1,0,True,2,1047,0.39285714285714285,0.2857142857142857,2,7,0,1,1,1
431,0139_s000_v2_004.jpg,139,2,0,True,2,1047,0.14646464646464646,0.18181818181818182,9,11,0,0,1,1
432,0139_s000_v3_007.jpg,139,3,0,True,2,1047,0.1380952380952381,0.13333333333333333,7,15,0,0,1,1
433,0139_s000_v4_003.jpg,139,4,0,True,2,1047,0.7,0.4,1,5,1,1,1,1
434,0139_s000_v5_008.jpg,139,5,0,True,2,1047,0.16025641025641024,0.15384615384615385,6,13,0,0,1,1
435,0139_s000_v6_005.jpg,139,6,0,True,2,1047,0.09166666666666667,0.1,12,20,0,0,0,1
436,0139_s000_v7_009.jpg,139,7,0,True,2,1047,0.15476190476190477,0.16666666666666666,7,12,0,0,1,1
437,0139_s015_v1_000.jpg,139,1,15,True,8,1053,0.38018361132331724,0.32,4,25,0,1,1,1
438,0139_s015_v7_001.jpg,139,7,15,True,8,1053,0.3546884584713532,0.21052631578947367,3,38,0,1,1,1
439,0141_s015_v0_000.jpg,141,0,15,True,5,1052,0.3577992277992278,0.06756756756756757,1,74,1,1,1,1
440,0141_s015_v3_001.jpg,141,3,15,True,5,1052,0.6642857142857144,0.3333333333333333,1,15,1,1,1,1
441,0141_s015_v5_002.jpg,141,5,15,True,5,1052,0.5491666666666666,0.3125,1,16,1,1,1,1
442,0141_s023_v0_003.jpg,141,0,23,True,3,1050,0.6095238095238095,0.42857142857142855,1,7,1,1,1,1
443,0141_s023_v1_004.jpg,141,1,23,True,3,1050,0.44771241830065356,0.17647058823529413,2,17,0,1,1,1
444,0141_s023_v3_005.jpg,141,3,23,True,3,1050,0.7011494252873564,0.10344827586206896,1,29,1,1,1,1
445,0141_s023_v4_006.jpg,141,4,23,True,3,1050,0.7380952380952381,0.21428571428571427,1,14,1,1,1,1
446,0141_s023_v5_007.jpg,141,5,23,True,3,1050,0.7916666666666666,0.375,1,8,1,1,1,1
447,0143_s016_v0_000.jpg,143,0,16,True,5,1051,0.9666666666666666,0.8333333333333334,1,6,1,1,1,1
448,0143_s016_v1_001.jpg,143,1,16,True,5,1051,0.9428571428571428,0.7142857142857143,1,7,1,1,1,1
449,0143_s016_v3_002.jpg,143,3,16,True,5,1051,0.8083333333333332,0.625,1,8,1,1,1,1
450,0143_s016_v5_003.jpg,143,5,16,True,5,1051,0.8909090909090909,0.45454545454545453,1,11,1,1,1,1
451,0143_s024_v0_004.jpg,143,0,24,True,4,1050,1.0,1.0,1,4,1,1,1,1
452,0143_s024_v1_005.jpg,143,1,24,True,4,1050,0.95,0.8,1,5,1,1,1,1
453,0143_s024_v3_006.jpg,143,3,24,True,4,1050,0.875,0.5,1,8,1,1,1,1
454,0143_s024_v4_007.jpg,143,4,24,True,4,1050,0.5,0.25,1,16,1,1,1,1
455,0143_s024_v7_008.jpg,143,7,24,True,4,1050,0.9166666666666666,0.6666666666666666,1,6,1,1,1,1
456,0145_s016_v0_000.jpg,145,0,16,True,9,1050,0.03757980123377608,0.0200445434298441,15,449,0,0,0,1
457,0145_s016_v3_001.jpg,145,3,16,True,9,1050,0.04543181563109577,0.016453382084095063,11,547,0,0,0,1
458,0145_s016_v4_002.jpg,145,4,16,True,9,1050,0.021810352625128412,0.016697588126159554,49,539,0,0,0,0
459,0145_s016_v5_003.jpg,145,5,16,True,9,1050,0.0348181991013085,0.0136986301369863,10,657,0,0,1,1
460,0145_s016_v7_004.jpg,145,7,16,True,9,1050,0.025927312679325118,0.010588235294117647,37,850,0,0,0,0
461,0145_s023_v0_005.jpg,145,0,23,True,9,1050,0.009149830424360808,0.010501750291715286,222,857,0,0,0,0
462,0145_s023_v1_006.jpg,145,1,23,True,9,1050,0.022452376040515244,0.02702702702702703,35,333,0,0,0,0
463,0145_s023_v3_007.jpg,145,3,23,True,9,1050,0.01318510637289732,0.016544117647058824,95,544,0,0,0,0
464,0145_s023_v4_008.jpg,145,4,23,True,9,1050,0.009098603201839299,0.010962241169305725,306,821,0,0,0,0
465,0145_s023_v7_009.jpg,145,7,23,True,9,1050,0.019599950918860583,0.016245487364620937,65,554,0,0,0,0
466,0145_s024_v1_010.jpg,145,1,24,True,10,1051,0.07734864623245506,0.038910505836575876,10,257,0,0,1,1
467,0145_s024_v3_011.jpg,145,3,24,True,10,1051,0.05626240073481607,0.02518891687657431,23,397,0,0,0,0
468,0145_s024_v4_012.jpg,145,4,24,True,10,1051,0.08218790291177731,0.04975124378109453,17,201,0,0,0,1
469,0145_s024_v5_013.jpg,145,5,24,True,10,1051,0.042719713872372306,0.01692047377326565,13,591,0,0,0,1
470,0150_s000_v0_007.jpg,150,0,0,True,7,1047,0.04863250381441746,0.019830028328611898,11,353,0,0,0,1
471,0150_s000_v1_011.jpg,150,1,0,True,7,1047,0.270627383700763,0.028112449799196786,1,249,1,1,1,1
472,0150_s000_v2_009.jpg,150,2,0,True,7,1047,0.11501045780711286,0.03365384615384615,2,208,0,1,1,1
473,0150_s000_v3_012.jpg,150,3,0,True,7,1047,0.08223572958892879,0.027777777777777776,3,252,0,1,1,1
474,0150_s000_v4_008.jpg,150,4,0,True,7,1047,0.031363525279844186,0.022082018927444796,15,317,0,0,0,1
475,0150_s000_v5_013.jpg,150,5,0,True,7,1047,0.028071764585379376,0.01832460732984293,23,382,0,0,0,0
476,0150_s000_v6_010.jpg,150,6,0,True,7,1047,0.07457886379184331,0.030837004405286344,3,227,0,1,1,1
477,0150_s000_v7_014.jpg,150,7,0,True,7,1047,0.11494122556265773,0.03365384615384615,5,208,0,1,1,1
478,0150_s016_v1_000.jpg,150,1,16,True,12,1052,0.19853886525890554,0.020066889632107024,1,598,1,1,1,1
479,0150_s016_v4_001.jpg,150,4,16,True,12,1052,0.12291819175531048,0.0316622691292876,3,379,0,1,1,1
480,0150_s016_v7_002.jpg,150,7,16,True,12,1052,0.21154571002434322,0.04669260700389105,1,257,1,1,1,1
481,0150_s024_v0_003.jpg,150,0,24,True,11,1051,0.24604328453724894,0.041353383458646614,1,266,1,1,1,1
482,0150_s024_v1_004.jpg,150,1,24,True,11,1051,0.28076292846113815,0.12087912087912088,2,91,0,1,1,1
483,0150_s024_v3_005.jpg,150,3,24,True,11,1051,0.19317709457997978,0.125,4,88,0,1,1,1
484,0150_s024_v7_006.jpg,150,7,24,True,11,1051,0.11522581325005697,0.01634472511144131,1,673,1,1,1,1
485,0152_s016_v1_000.jpg,152,1,16,True,3,1054,0.09568531759542996,0.016853932584269662,4,178,0,1,1,1
486,0152_s018_v3_001.jpg,152,3,18,True,1,1052,0.0044444444444444444,0.0044444444444444444,225,225,0,0,0,0
487,0152_s018_v5_002.jpg,152,5,18,True,1,1052,0.00641025641025641,0.00641025641025641,156,156,0,0,0,0
488,0152_s018_v7_003.jpg,152,7,18,True,1,1052,0.021739130434782608,0.021739130434782608,46,46,0,0,0,0
489,0160_s017_v0_000.jpg,160,0,17,True,12,1052,0.16716446826441456,0.08633093525179857,2,139,0,1,1,1
490,0160_s017_v1_001.jpg,160,1,17,True,12,1052,0.6900241470363421,0.2926829268292683,1,41,1,1,1,1
491,0160_s017_v3_002.jpg,160,3,17,True,12,1052,0.7349844991172332,0.19672131147540983,1,61,1,1,1,1
492,0160_s029_v1_003.jpg,160,1,29,True,9,1049,0.4261611174654653,0.23076923076923078,2,39,0,1,1,1
493,0160_s029_v3_004.jpg,160,3,29,True,9,1049,0.3939043015845075,0.1956521739130435,1,46,1,1,1,1
494,0160_s029_v4_005.jpg,160,4,29,True,9,1049,0.12858694820031402,0.10112359550561797,11,89,0,0,0,1
495,0160_s029_v5_006.jpg,160,5,29,True,9,1049,0.8749999999999999,0.3333333333333333,1,27,1,1,1,1
496,0160_s029_v6_007.jpg,160,6,29,True,9,1049,0.7164534338447381,0.391304347826087,1,23,1,1,1,1
497,0160_s029_v7_008.jpg,160,7,29,True,9,1049,0.5457996310486732,0.3103448275862069,1,29,1,1,1,1
498,0160_s030_v0_009.jpg,160,0,30,True,9,1049,0.5269644017451035,0.3,1,30,1,1,1,1
499,0160_s030_v1_010.jpg,160,1,30,True,9,1049,0.510357924122435,0.13432835820895522,1,67,1,1,1,1
500,0160_s030_v3_011.jpg,160,3,30,True,9,1049,0.4328072111939209,0.15789473684210525,2,57,0,1,1,1
501,0160_s030_v4_012.jpg,160,4,30,True,9,1049,0.6140056003656216,0.21951219512195122,1,41,1,1,1,1
502,0160_s030_v5_013.jpg,160,5,30,True,9,1049,0.6719686210860892,0.0967741935483871,1,93,1,1,1,1
503,0160_s030_v6_014.jpg,160,6,30,True,9,1049,0.6240802675585284,0.13846153846153847,1,65,1,1,1,1
504,0170_s018_v0_000.jpg,170,0,18,True,6,1053,0.041626223610977016,0.04195804195804196,31,143,0,0,0,0
505,0170_s018_v5_001.jpg,170,5,18,True,6,1053,0.4955026455026455,0.2,1,30,1,1,1,1
506,0170_s027_v0_002.jpg,170,0,27,True,2,1049,0.1411290322580645,0.03225806451612903,4,62,0,1,1,1
507,0170_s027_v1_003.jpg,170,1,27,True,2,1049,0.1002824858757062,0.03389830508474576,6,59,0,0,1,1
508,0170_s027_v2_004.jpg,170,2,27,True,2,1049,0.01833931637271734,0.013422818791946308,43,149,0,0,0,0
509,0170_s027_v3_005.jpg,170,3,27,True,2,1049,0.020970394736842105,0.015625,38,128,0,0,0,0
510,0170_s027_v4_006.jpg,170,4,27,True,2,1049,0.023268398268398268,0.022727272727272728,42,88,0,0,0,0
511,0170_s027_v7_007.jpg,170,7,27,True,2,1049,0.022760290556900726,0.01694915254237288,35,118,0,0,0,0
512,0176_s019_v0_000.jpg,176,0,19,True,5,1051,0.4743756243756244,0.11363636363636363,1,44,1,1,1,1
513,0176_s019_v1_001.jpg,176,1,19,True,5,1051,1.0,1.0,1,5,1,1,1,1
514,0176_s019_v4_002.jpg,176,4,19,True,5,1051,0.15676921343249944,0.06944444444444445,5,72,0,1,1,1
515,0176_s019_v5_003.jpg,176,5,19,True,5,1051,0.6416666666666666,0.625,2,8,0,1,1,1
516,0176_s029_v1_004.jpg,176,1,29,True,4,1050,0.1537667698658411,0.10526315789473684,5,38,0,1,1,1
517,0176_s029_v3_005.jpg,176,3,29,True,4,1050,0.2490842490842491,0.09523809523809523,2,42,0,1,1,1
518,0176_s029_v5_006.jpg,176,5,29,True,4,1050,0.135602328705777,0.11428571428571428,7,35,0,0,1,1
519,0176_s029_v6_007.jpg,176,6,29,True,4,1050,0.05365587038017068,0.03225806451612903,17,124,0,0,0,1
520,0176_s029_v7_008.jpg,176,7,29,True,4,1050,0.21583333333333332,0.08,2,50,0,1,1,1
521,0178_s019_v1_000.jpg,178,1,19,True,2,1051,0.22549019607843135,0.11764705882352941,3,17,0,1,1,1
522,0178_s019_v2_001.jpg,178,2,19,True,2,1051,0.5833333333333333,0.6666666666666666,2,3,0,1,1,1
523,0178_s019_v4_002.jpg,178,4,19,True,2,1051,0.6428571428571428,0.2857142857142857,1,7,1,1,1,1
524,0178_s019_v7_003.jpg,178,7,19,True,2,1051,0.18333333333333335,0.2,6,10,0,0,1,1
525,0178_s022_v3_004.jpg,178,3,22,True,4,1053,0.17857142857142858,0.09523809523809523,4,42,0,1,1,1
526,0178_s022_v4_005.jpg,178,4,22,True,4,1053,0.29245098039215683,0.16,3,25,0,1,1,1
527,0196_s000_v0_002.jpg,196,0,0,True,2,1052,0.048538011695906436,0.044444444444444446,19,45,0,0,0,1
528,0196_s000_v1_004.jpg,196,1,0,True,2,1052,0.09774436090225563,0.05263157894736842,7,38,0,0,1,1
529,0196_s000_v2_003.jpg,196,2,0,True,2,1052,0.10818713450292397,0.10526315789473684,9,19,0,0,1,1
530,0196_s022_v0_000.jpg,196,0,22,True,3,1053,0.09427521008403361,0.09375,14,32,0,0,0,1
531,0196_s022_v7_001.jpg,196,7,22,True,3,1053,0.06346801346801346,0.06818181818181818,18,44,0,0,0,1
532,0204_s022_v0_000.jpg,204,0,22,True,2,1051,0.052564102564102565,0.06666666666666667,26,30,0,0,0,0
533,0204_s022_v5_001.jpg,204,5,22,True,2,1051,0.06719367588932806,0.043478260869565216,11,46,0,0,0,1
534,0204_s022_v6_002.jpg,204,6,22,True,2,1051,0.05798319327731093,0.05714285714285714,17,35,0,0,0,1
535,0204_s022_v7_003.jpg,204,7,22,True,2,1051,0.5,0.5,2,4,0,1,1,1
536,0204_s024_v1_004.jpg,204,1,24,True,4,1053,0.058432634332184555,0.043478260869565216,21,92,0,0,0,0
537,0204_s024_v3_005.jpg,204,3,24,True,4,1053,0.13045566502463055,0.06896551724137931,7,58,0,0,1,1
538,0220_s023_v0_000.jpg,220,0,23,True,4,1048,0.0408312371170038,0.03571428571428571,30,112,0,0,0,0
539,0220_s023_v1_001.jpg,220,1,23,True,4,1048,0.65,0.3333333333333333,1,12,1,1,1,1
540,0220_s023_v3_002.jpg,220,3,23,True,4,1048,0.133576166785122,0.05970149253731343,6,67,0,0,1,1
541,0220_s023_v4_003.jpg,220,4,23,True,4,1048,0.12897727272727272,0.13333333333333333,11,30,0,0,0,1
542,0220_s023_v5_004.jpg,220,5,23,True,4,1048,0.1914128151260504,0.23529411764705882,7,17,0,0,1,1
543,0220_s023_v6_005.jpg,220,6,23,True,4,1048,0.12332251082251082,0.09523809523809523,5,42,0,1,1,1
544,0220_s023_v7_006.jpg,220,7,23,True,4,1048,0.6785714285714285,0.2857142857142857,1,14,1,1,1,1
545,0220_s024_v0_007.jpg,220,0,24,True,7,1051,0.11631295568159786,0.051470588235294115,3,136,0,1,1,1
546,0220_s024_v1_008.jpg,220,1,24,True,7,1051,0.04845952185175644,0.01674641148325359,10,418,0,0,1,1
547,0220_s024_v2_009.jpg,220,2,24,True,7,1051,0.03474957381766996,0.029914529914529916,50,234,0,0,0,0
548,0220_s024_v3_010.jpg,220,3,24,True,7,1051,0.061086887199342486,0.03608247422680412,12,194,0,0,0,1
549,0228_s026_v2_000.jpg,228,2,26,True,6,1050,0.5907598101534028,0.08695652173913043,1,69,1,1,1,1
550,0228_s026_v3_001.jpg,228,3,26,True,6,1050,0.8733333333333334,0.24,1,25,1,1,1,1
551,0228_s026_v4_002.jpg,228,4,26,True,6,1050,0.810515873015873,0.6666666666666666,1,9,1,1,1,1
552,0228_s026_v5_003.jpg,228,5,26,True,6,1050,0.9583333333333334,0.75,1,8,1,1,1,1
553,0228_s026_v6_004.jpg,228,6,26,True,6,1050,0.8531746031746031,0.2857142857142857,1,21,1,1,1,1
554,0228_s030_v2_005.jpg,228,2,30,True,5,1049,0.5342857142857143,0.23809523809523808,2,21,0,1,1,1
555,0228_s030_v3_006.jpg,228,3,30,True,5,1049,0.5246460746460746,0.13513513513513514,2,37,0,1,1,1
556,0228_s030_v4_007.jpg,228,4,30,True,5,1049,0.5107142857142858,0.125,1,40,1,1,1,1
557,0228_s030_v5_008.jpg,228,5,30,True,5,1049,0.6004273504273504,0.2777777777777778,1,18,1,1,1,1
558,0228_s030_v6_009.jpg,228,6,30,True,5,1049,0.4271298593879239,0.16129032258064516,2,31,0,1,1,1
559,0228_s030_v7_010.jpg,228,7,30,True,5,1049,0.5642857142857143,0.23809523809523808,2,21,0,1,1,1
560,0239_s028_v3_000.jpg,239,3,28,True,2,1052,1.0,1.0,1,2,1,1,1,1
561,0239_s028_v5_001.jpg,239,5,28,True,2,1052,0.060714285714285714,0.05,14,40,0,0,0,1
562,0239_s028_v6_002.jpg,239,6,28,True,2,1052,0.030416666666666668,0.04,48,50,0,0,0,0
563,0239_s029_v3_003.jpg,239,3,29,True,3,1053,0.13357843137254902,0.08823529411764706,4,34,0,1,1,1
564,0239_s029_v4_004.jpg,239,4,29,True,3,1053,0.17013888888888887,0.09375,4,32,0,1,1,1
565,0241_s028_v1_000.jpg,241,1,28,True,4,1050,0.0077671267480253344,0.009685230024213076,198,413,0,0,0,0
566,0241_s028_v2_001.jpg,241,2,28,True,4,1050,0.00935217173264982,0.012121212121212121,156,330,0,0,0,0
567,0241_s028_v3_002.jpg,241,3,28,True,4,1050,0.008395176523562996,0.011661807580174927,190,343,0,0,0,0
568,0241_s028_v5_003.jpg,241,5,28,True,4,1050,0.007604549205830334,0.008849557522123894,208,452,0,0,0,0
569,0241_s028_v7_004.jpg,241,7,28,True,4,1050,0.006552811547812453,0.006872852233676976,222,582,0,0,0,0
570,0241_s029_v0_005.jpg,241,0,29,True,5,1051,0.010332581021904636,0.015822784810126583,239,316,0,0,0,0
571,0241_s029_v3_006.jpg,241,3,29,True,5,1051,0.009321322401058787,0.01366120218579235,228,366,0,0,0,0
572,0241_s029_v5_007.jpg,241,5,29,True,5,1051,0.008609667373329861,0.009652509652509652,187,518,0,0,0,0
573,0241_s029_v7_008.jpg,241,7,29,True,5,1051,0.014848432279199722,0.023696682464454975,156,211,0,0,0,0
574,0253_s000_v0_004.jpg,253,0,0,True,12,1050,0.01747404368932632,0.020905923344947737,129,574,0,0,0,0
575,0253_s000_v1_007.jpg,253,1,0,True,12,1050,0.0173569903817596,0.023622047244094488,190,508,0,0,0,0
576,0253_s000_v2_006.jpg,253,2,0,True,12,1050,0.03827139423350387,0.0262582056892779,48,457,0,0,0,0
577,0253_s000_v4_005.jpg,253,4,0,True,12,1050,0.01626545323786465,0.01875,126,640,0,0,0,0
578,0253_s000_v7_009.jpg,253,7,0,True,12,1050,0.01150502332333811,0.013559322033898305,312,885,0,0,0,0
579,0253_s001_v0_004.jpg,253,0,1,True,9,1047,0.11110042330538944,0.01615798922800718,2,557,0,1,1,1
580,0253_s001_v1_008.jpg,253,1,1,True,9,1047,0.049322104960336226,0.01461038961038961,6,616,0,0,1,1
581,0253_s001_v2_006.jpg,253,2,1,True,9,1047,0.08884345180359395,0.015202702702702704,3,592,0,1,1,1
582,0253_s001_v3_009.jpg,253,3,1,True,9,1047,0.1443356257579094,0.018907563025210083,1,476,1,1,1,1
583,0253_s001_v4_005.jpg,253,4,1,True,9,1047,0.18748376896359745,0.02040816326530612,1,441,1,1,1,1
584,0253_s001_v5_010.jpg,253,5,1,True,9,1047,0.4527155786598647,0.013392857142857142,1,672,1,1,1,1
585,0253_s001_v6_007.jpg,253,6,1,True,9,1047,0.21044853143711878,0.014754098360655738,1,610,1,1,1,1
586,0253_s001_v7_011.jpg,253,7,1,True,9,1047,0.05702787397538726,0.033707865168539325,6,267,0,0,1,1
587,0253_s030_v1_000.jpg,253,1,30,True,13,1051,0.050331083012351785,0.015063731170336037,4,863,0,1,1,1
588,0253_s030_v3_001.jpg,253,3,30,True,13,1051,0.13505976797735786,0.023465703971119134,5,554,0,1,1,1
589,0253_s030_v5_002.jpg,253,5,30,True,13,1051,0.3762666891191174,0.02037617554858934,1,638,1,1,1,1
590,0253_s030_v7_003.jpg,253,7,30,True,13,1051,0.1323704360781794,0.015186915887850467,1,856,1,1,1,1
